31 falc_31.dat
-7.54493e+00 2.11928e+08 9.98300e+03 3.08000e-01 9.44000e-02 0.00000e+00 2.29800e-13 1.00000e+03 7.64200e+05 0.00000e+00 5.23599e-01 5.23599e-01
-6.43034e+00 2.04534e+08 8.86414e+03 3.49930e-01 8.35527e-02 0.00000e+00 3.23732e-13 1.00000e+03 7.18940e+05 0.00000e+00 5.23599e-01 5.23599e-01
-6.11106e+00 1.97140e+08 8.34620e+03 4.08698e-01 8.62180e-02 0.00000e+00 4.20107e-13 1.00000e+03 6.86769e+05 0.00000e+00 5.23599e-01 5.23599e-01
-5.91689e+00 1.89746e+08 7.94116e+03 4.87713e-01 8.64062e-02 0.00000e+00 5.54758e-13 1.00000e+03 6.58638e+05 0.00000e+00 5.23599e-01 5.23599e-01
-5.77808e+00 1.82352e+08 7.68454e+03 5.96626e-01 8.78486e-02 0.00000e+00 7.39740e-13 1.00000e+03 6.31267e+05 0.00000e+00 5.23599e-01 5.23599e-01
-5.66544e+00 1.74958e+08 7.49215e+03 7.48310e-01 8.96218e-02 0.00000e+00 9.99498e-13 1.00000e+03 6.05090e+05 0.00000e+00 5.23599e-01 5.23599e-01
-5.56998e+00 1.67564e+08 7.32805e+03 9.61998e-01 9.09176e-02 0.00000e+00 1.37610e-12 1.00000e+03 5.78492e+05 0.00000e+00 5.23599e-01 5.23599e-01
-5.48574e+00 1.60170e+08 7.18410e+03 1.25026e+00 9.22154e-02 0.00000e+00 1.89914e-12 1.00000e+03 5.51561e+05 0.00000e+00 5.23599e-01 5.23599e-01
-5.41058e+00 1.52776e+08 7.06121e+03 1.66395e+00 9.44863e-02 0.00000e+00 2.67548e-12 1.00000e+03 5.25600e+05 0.00000e+00 5.23599e-01 5.23599e-01
-5.34110e+00 1.45382e+08 6.93730e+03 2.28352e+00 9.76935e-02 0.00000e+00 3.87235e-12 1.00000e+03 4.98557e+05 0.00000e+00 5.23599e-01 5.23599e-01
-5.27386e+00 1.37988e+08 6.81496e+03 3.28098e+00 1.02649e-01 0.00000e+00 5.87753e-12 1.00000e+03 4.69007e+05 0.00000e+00 5.23599e-01 5.23599e-01
-5.20733e+00 1.30594e+08 6.68717e+03 4.70895e+00 1.07554e-01 0.00000e+00 8.87600e-12 1.00000e+03 4.36602e+05 0.00000e+00 5.23599e-01 5.23599e-01
-5.14066e+00 1.23200e+08 6.54736e+03 6.89401e+00 1.11226e-01 0.00000e+00 1.37023e-11 1.00000e+03 4.00262e+05 0.00000e+00 5.23599e-01 5.23599e-01
-5.07253e+00 1.15806e+08 6.39229e+03 1.04840e+01 1.12777e-01 0.00000e+00 2.20764e-11 1.00000e+03 3.60950e+05 0.00000e+00 5.23599e-01 5.23599e-01
-4.99938e+00 1.08412e+08 6.23684e+03 1.70271e+01 1.13701e-01 0.00000e+00 3.79414e-11 1.00000e+03 3.20258e+05 0.00000e+00 5.23599e-01 5.23599e-01
-4.91896e+00 1.01018e+08 6.05983e+03 2.82207e+01 1.10343e-01 0.00000e+00 6.66609e-11 1.00000e+03 2.81423e+05 0.00000e+00 5.23599e-01 5.23599e-01
-4.83025e+00 9.36236e+07 5.86285e+03 4.60073e+01 1.02780e-01 0.00000e+00 1.14440e-10 1.00000e+03 2.43959e+05 0.00000e+00 5.23599e-01 5.23599e-01
-4.72966e+00 8.62296e+07 5.63877e+03 7.68422e+01 8.99517e-02 0.00000e+00 2.01985e-10 1.00000e+03 2.09293e+05 0.00000e+00 5.23599e-01 5.23599e-01
-4.61526e+00 7.88356e+07 5.36278e+03 1.31619e+02 7.13979e-02 0.00000e+00 3.67526e-10 1.00000e+03 1.75337e+05 0.00000e+00 5.23599e-01 5.23599e-01
-4.47543e+00 7.14416e+07 5.00551e+03 2.41853e+02 5.44900e-02 0.00000e+00 7.38828e-10 1.00000e+03 1.43596e+05 0.00000e+00 5.23599e-01 5.23599e-01
-4.27113e+00 6.40476e+07 4.67740e+03 4.57562e+02 5.94064e-02 0.00000e+00 1.49784e-09 1.00000e+03 1.16426e+05 0.00000e+00 5.23599e-01 5.23599e-01
-3.91014e+00 5.66535e+07 4.53312e+03 9.17982e+02 1.02929e-01 0.00000e+00 3.14089e-09 1.00000e+03 9.24443e+04 0.00000e+00 5.23599e-01 5.23599e-01
-3.42807e+00 4.92595e+07 4.50768e+03 1.84229e+03 1.92694e-01 0.00000e+00 6.33532e-09 1.00000e+03 7.41808e+04 0.00000e+00 5.23599e-01 5.23599e-01
-2.89093e+00 4.18655e+07 4.57814e+03 3.75978e+03 3.80889e-01 0.00000e+00 1.27740e-08 1.00000e+03 6.00612e+04 0.00000e+00 5.23599e-01 5.23599e-01
-2.35199e+00 3.44715e+07 4.69533e+03 7.34637e+03 7.35578e-01 0.00000e+00 2.44058e-08 1.00000e+03 5.25021e+04 0.00000e+00 5.23599e-01 5.23599e-01
-1.83026e+00 2.70774e+07 4.83709e+03 1.45823e+04 1.45823e+00 0.00000e+00 4.68738e-08 1.00000e+03 6.03827e+04 0.00000e+00 5.23599e-01 5.23599e-01
-1.32590e+00 1.96834e+07 5.00100e+03 2.72742e+04 2.77842e+00 0.00000e+00 8.46325e-08 1.00000e+03 8.17984e+04 0.00000e+00 5.23599e-01 5.23599e-01
-8.55936e-01 1.22894e+07 5.28733e+03 4.98999e+04 5.74407e+00 0.00000e+00 1.45257e-07 1.00000e+03 1.10575e+05 0.00000e+00 5.23599e-01 5.23599e-01
-3.90012e-01 4.89538e+06 5.81746e+03 8.66586e+04 1.66262e+01 0.00000e+00 2.27385e-07 1.00000e+03 1.40366e+05 0.00000e+00 5.23599e-01 5.23599e-01
2.77373e-01 -2.49865e+06 7.16253e+03 1.38867e+05 2.35360e+02 0.00000e+00 2.94955e-07 1.00000e+03 1.66721e+05 0.00000e+00 5.23599e-01 5.23599e-01
1.37282e+00 -9.89267e+06 9.40000e+03 2.00000e+05 4.97000e+03 0.00000e+00 3.15800e-07 1.00000e+03 1.80700e+05 0.00000e+00 5.23599e-01 5.23599e-01
