57 falc.dat
-7.54493e+00 2.11928e+08 9.98300e+03 3.08000e-01 9.44000e-02 0.00000e+00 2.29800e-13 0.00000e+00 7.64200e+05 0.00000e+00 7.85398e-01 1.04720e+00
-7.48313e+00 2.11840e+08 9.73500e+03 3.07000e-01 8.87000e-02 0.00000e+00 2.39900e-13 0.00000e+00 7.59100e+05 0.00000e+00 7.85398e-01 1.04720e+00
-7.41768e+00 2.11729e+08 9.58700e+03 3.06000e-01 8.29000e-02 0.00000e+00 2.48900e-13 0.00000e+00 7.54700e+05 0.00000e+00 7.85398e-01 1.04720e+00
-7.32886e+00 2.11543e+08 9.45800e+03 3.05000e-01 7.58000e-02 0.00000e+00 2.59800e-13 0.00000e+00 7.49300e+05 0.00000e+00 7.85398e-01 1.04720e+00
-7.09423e+00 2.10810e+08 9.35800e+03 3.09000e-01 7.55000e-02 0.00000e+00 2.67300e-13 0.00000e+00 7.45300e+05 0.00000e+00 7.85398e-01 1.04720e+00
-6.83701e+00 2.09410e+08 9.22800e+03 3.18000e-01 7.83000e-02 0.00000e+00 2.77700e-13 0.00000e+00 7.39900e+05 0.00000e+00 7.85398e-01 1.04720e+00
-6.52193e+00 2.06213e+08 8.98800e+03 3.38000e-01 8.25000e-02 0.00000e+00 3.05100e-13 0.00000e+00 7.26800e+05 0.00000e+00 7.85398e-01 1.04720e+00
-6.26092e+00 2.01428e+08 8.63500e+03 3.72000e-01 8.55000e-02 0.00000e+00 3.58200e-13 0.00000e+00 7.04400e+05 0.00000e+00 7.85398e-01 1.04720e+00
-6.07307e+00 1.96053e+08 8.27300e+03 4.18000e-01 8.64000e-02 0.00000e+00 4.35800e-13 0.00000e+00 6.82300e+05 0.00000e+00 7.85398e-01 1.04720e+00
-5.93183e+00 1.90484e+08 7.97000e+03 4.78000e-01 8.63000e-02 0.00000e+00 5.38200e-13 0.00000e+00 6.61400e+05 0.00000e+00 7.85398e-01 1.04720e+00
-5.83342e+00 1.85621e+08 7.78000e+03 5.42000e-01 8.70000e-02 0.00000e+00 6.47300e-13 0.00000e+00 6.43200e+05 0.00000e+00 7.85398e-01 1.04720e+00
-5.72908e+00 1.79457e+08 7.60000e+03 6.45000e-01 8.86000e-02 0.00000e+00 8.21600e-13 0.00000e+00 6.20700e+05 0.00000e+00 7.85398e-01 1.04720e+00
-5.61697e+00 1.71531e+08 7.41000e+03 8.27000e-01 9.04000e-02 0.00000e+00 1.13500e-12 0.00000e+00 5.93200e+05 0.00000e+00 7.85398e-01 1.04720e+00
-5.50802e+00 1.62333e+08 7.22000e+03 1.14000e+00 9.16000e-02 0.00000e+00 1.69400e-12 0.00000e+00 5.59100e+05 0.00000e+00 7.85398e-01 1.04720e+00
-5.42112e+00 1.53897e+08 7.08000e+03 1.57000e+00 9.40000e-02 0.00000e+00 2.49400e-12 0.00000e+00 5.29700e+05 0.00000e+00 7.85398e-01 1.04720e+00
-5.32579e+00 1.43753e+08 6.91000e+03 2.42000e+00 9.84000e-02 0.00000e+00 4.13600e-12 0.00000e+00 4.92600e+05 0.00000e+00 7.85398e-01 1.04720e+00
-5.23291e+00 1.33441e+08 6.74000e+03 3.96000e+00 1.06000e-01 0.00000e+00 7.25100e-12 0.00000e+00 4.50400e+05 0.00000e+00 7.85398e-01 1.04720e+00
-5.15060e+00 1.24279e+08 6.57000e+03 6.37000e+00 1.11000e-01 0.00000e+00 1.24800e-11 0.00000e+00 4.06000e+05 0.00000e+00 7.85398e-01 1.04720e+00
-5.06274e+00 1.14743e+08 6.37000e+03 1.10000e+01 1.13000e-01 0.00000e+00 2.32800e-11 0.00000e+00 3.55300e+05 0.00000e+00 7.85398e-01 1.04720e+00
-4.97233e+00 1.05709e+08 6.18000e+03 1.96000e+01 1.14000e-01 0.00000e+00 4.42000e-11 0.00000e+00 3.05300e+05 0.00000e+00 7.85398e-01 1.04720e+00
-4.87017e+00 9.67298e+07 5.95000e+03 3.61000e+01 1.07000e-01 0.00000e+00 8.71900e-11 0.00000e+00 2.59600e+05 0.00000e+00 7.85398e-01 1.04720e+00
-4.78313e+00 8.99577e+07 5.76000e+03 5.77000e+01 9.78000e-02 0.00000e+00 1.46600e-10 0.00000e+00 2.25500e+05 0.00000e+00 7.85398e-01 1.04720e+00
-4.69933e+00 8.41150e+07 5.57000e+03 8.77000e+01 8.55000e-02 0.00000e+00 2.33400e-10 0.00000e+00 2.00100e+05 0.00000e+00 7.85398e-01 1.04720e+00
-4.62199e+00 7.92180e+07 5.38000e+03 1.27000e+02 7.24000e-02 0.00000e+00 3.52400e-10 0.00000e+00 1.77200e+05 0.00000e+00 7.85398e-01 1.04720e+00
-4.53599e+00 7.43337e+07 5.16000e+03 1.86000e+02 5.96000e-02 0.00000e+00 5.45600e-10 0.00000e+00 1.53400e+05 0.00000e+00 7.85398e-01 1.04720e+00
-4.43407e+00 6.94663e+07 4.90000e+03 2.80000e+02 5.10000e-02 0.00000e+00 8.70800e-10 0.00000e+00 1.36900e+05 0.00000e+00 7.85398e-01 1.04720e+00
-4.27580e+00 6.41527e+07 4.68000e+03 4.52000e+02 5.89000e-02 0.00000e+00 1.47800e-09 0.00000e+00 1.16800e+05 0.00000e+00 7.85398e-01 1.04720e+00
-4.06015e+00 5.92939e+07 4.56000e+03 7.09000e+02 8.23000e-02 0.00000e+00 2.39500e-09 0.00000e+00 9.95000e+04 0.00000e+00 7.85398e-01 1.04720e+00
-3.83691e+00 5.53646e+07 4.52000e+03 1.02000e+03 1.13000e-01 0.00000e+00 3.50500e-09 0.00000e+00 8.90000e+04 0.00000e+00 7.85398e-01 1.04720e+00
-3.61289e+00 5.19119e+07 4.50000e+03 1.42000e+03 1.52000e-01 0.00000e+00 4.88800e-09 0.00000e+00 8.04000e+04 0.00000e+00 7.85398e-01 1.04720e+00
-3.37218e+00 4.84574e+07 4.51000e+03 1.97000e+03 2.05000e-01 0.00000e+00 6.77300e-09 0.00000e+00 7.23000e+04 0.00000e+00 7.85398e-01 1.04720e+00
-3.08703e+00 4.45232e+07 4.54000e+03 2.85000e+03 2.91000e-01 0.00000e+00 9.77500e-09 0.00000e+00 6.54000e+04 0.00000e+00 7.85398e-01 1.04720e+00
-2.72706e+00 3.96447e+07 4.61000e+03 4.52000e+03 4.56000e-01 0.00000e+00 1.52800e-08 0.00000e+00 5.56000e+04 0.00000e+00 7.85398e-01 1.04720e+00
-2.37260e+00 3.47611e+07 4.69000e+03 7.11000e+03 7.12000e-01 0.00000e+00 2.36600e-08 0.00000e+00 5.22000e+04 0.00000e+00 7.85398e-01 1.04720e+00
-2.02471e+00 2.98720e+07 4.78000e+03 1.11000e+04 1.11000e+00 0.00000e+00 3.62500e-08 0.00000e+00 5.73000e+04 0.00000e+00 7.85398e-01 1.04720e+00
-1.68408e+00 2.49767e+07 4.88000e+03 1.72000e+04 1.72000e+00 0.00000e+00 5.48600e-08 0.00000e+00 6.27000e+04 0.00000e+00 7.85398e-01 1.04720e+00
-1.35121e+00 2.00747e+07 4.99000e+03 2.63000e+04 2.67000e+00 0.00000e+00 8.19000e-08 0.00000e+00 8.04000e+04 0.00000e+00 7.85398e-01 1.04720e+00
-1.19014e+00 1.75845e+07 5.06000e+03 3.25000e+04 3.36000e+00 0.00000e+00 9.92900e-08 0.00000e+00 8.93000e+04 0.00000e+00 7.85398e-01 1.04720e+00
-1.03118e+00 1.50918e+07 5.15000e+03 3.98000e+04 4.26000e+00 0.00000e+00 1.19400e-07 0.00000e+00 9.95000e+04 0.00000e+00 7.85398e-01 1.04720e+00
-8.75020e-01 1.25982e+07 5.27000e+03 4.86000e+04 5.52000e+00 0.00000e+00 1.42100e-07 0.00000e+00 1.09300e+05 0.00000e+00 7.85398e-01 1.04720e+00
-7.20870e-01 1.01038e+07 5.41000e+03 5.91000e+04 7.33000e+00 0.00000e+00 1.67600e-07 0.00000e+00 1.19600e+05 0.00000e+00 7.85398e-01 1.04720e+00
-5.66000e-01 7.60846e+06 5.58000e+03 7.13000e+04 1.02000e+01 0.00000e+00 1.95600e-07 0.00000e+00 1.29200e+05 0.00000e+00 7.85398e-01 1.04720e+00
-4.04980e-01 5.11221e+06 5.79000e+03 8.53000e+04 1.56000e+01 0.00000e+00 2.25000e-07 0.00000e+00 1.39600e+05 0.00000e+00 7.85398e-01 1.04720e+00
-3.01420e-01 3.61194e+06 5.98000e+03 9.47000e+04 2.27000e+01 0.00000e+00 2.41500e-07 0.00000e+00 1.44900e+05 0.00000e+00 7.85398e-01 1.04720e+00
-1.87030e-01 2.11171e+06 6.18000e+03 1.05000e+05 3.44000e+01 0.00000e+00 2.58000e-07 0.00000e+00 1.50700e+05 0.00000e+00 7.85398e-01 1.04720e+00
-1.03660e-01 1.11125e+06 6.34000e+03 1.12000e+05 4.78000e+01 0.00000e+00 2.68100e-07 0.00000e+00 1.54200e+05 0.00000e+00 7.85398e-01 1.04720e+00
-1.23200e-02 1.10832e+05 6.5200e+03 1.19000e+05 6.88000e+01 0.00000e+00 2.77600e-07 0.00000e+00 1.57900e+05 0.00000e+00 7.85398e-01 1.04720e+00
8.79800e-02 -8.89568e+05 6.72000e+03 1.27000e+05 1.02000e+02 0.00000e+00 2.86300e-07 0.00000e+00 1.62100e+05 0.00000e+00 7.85398e-01 1.04720e+00
2.00200e-01 -1.88998e+06 6.98000e+03 1.34000e+05 1.66000e+02 0.00000e+00 2.92400e-07 0.00000e+00 1.65200e+05 0.00000e+00 7.85398e-01 1.04720e+00
3.27040e-01 -2.89038e+06 7.28000e+03 1.42000e+05 2.80000e+02 0.00000e+00 2.96600e-07 0.00000e+00 1.67700e+05 0.00000e+00 7.85398e-01 1.04720e+00
4.66670e-01 -3.89077e+06 7.59000e+03 1.50000e+05 4.66000e+02 0.00000e+00 2.99900e-07 0.00000e+00 1.69600e+05 0.00000e+00 7.85398e-01 1.04720e+00
6.14620e-01 -4.89110e+06 7.90000e+03 1.58000e+05 7.49000e+02 0.00000e+00 3.03300e-07 0.00000e+00 1.71700e+05 0.00000e+00 7.85398e-01 1.04720e+00
7.67400e-01 -5.89142e+06 8.22000e+03 1.66000e+05 1.18000e+03 0.00000e+00 3.05700e-07 0.00000e+00 1.73400e+05 0.00000e+00 7.85398e-01 1.04720e+00
9.22210e-01 -6.89173e+06 8.54000e+03 1.74000e+05 1.81000e+03 0.00000e+00 3.07500e-07 0.00000e+00 1.74700e+05 0.00000e+00 7.85398e-01 1.04720e+00
1.07711e+00 -7.89203e+06 8.86000e+03 1.82000e+05 2.68000e+03 0.00000e+00 3.09500e-07 0.00000e+00 1.76000e+05 0.00000e+00 7.85398e-01 1.04720e+00
1.22829e+00 -8.89234e+06 9.14000e+03 1.91000e+05 3.73000e+03 0.00000e+00 3.12500e-07 0.00000e+00 1.78600e+05 0.00000e+00 7.85398e-01 1.04720e+00
1.37282e+00 -9.89267e+06 9.40000e+03 2.00000e+05 4.97000e+03 0.00000e+00 3.15800e-07 0.00000e+00 1.80700e+05 0.00000e+00 7.85398e-01 1.04720e+00
