  2.1393289E+03       1.9995000E+05       2.4001182E-01       2.5000000E+01
  2.1141682E+03       1.7496473E+05       2.4052650E-01       2.5000000E+01
  2.0949541E+03       1.5210050E+05       2.4097825E-01       2.5000000E+01
  2.0808071E+03       1.3222328E+05       2.4136156E-01       2.5000000E+01
  2.0701826E+03       1.1494288E+05       2.4169334E-01       2.5000000E+01
  2.0620281E+03       9.9920000E+04       2.4198686E-01       2.5000000E+01
  2.0598257E+03       9.5520000E+04       2.4207370E-01       2.5000000E+01
  2.0575095E+03       9.0740000E+04       2.4216963E-01       2.5000000E+01
  2.0542798E+03       8.3810000E+04       2.4231297E-01       2.5000000E+01
  2.0507405E+03       7.5850000E+04       2.4248608E-01       2.5000000E+01
  2.0487808E+03       7.1260000E+04       2.4259095E-01       2.5000000E+01
  2.0466224E+03       6.6070000E+04       2.4271568E-01       2.5000000E+01
  2.0441995E+03       6.0090000E+04       2.4286929E-01       2.5000000E+01
  2.0414707E+03       5.3200000E+04       2.4306341E-01       2.5000000E+01
  2.0399551E+03       4.9310000E+04       2.4318254E-01       2.5000000E+01
  2.0384116E+03       4.5340000E+04       2.4331417E-01       2.5000000E+01
  2.0367509E+03       4.1100000E+04       2.4346949E-01       2.5000000E+01
  2.0349100E+03       3.6510000E+04       2.4366163E-01       2.5000000E+01
  2.0330432E+03       3.2070000E+04       2.4388245E-01       2.5000000E+01
  2.0311406E+03       2.7890000E+04       2.4414035E-01       2.5000000E+01
  2.0291238E+03       2.3980000E+04       2.4445750E-01       2.5000000E+01
  2.0268507E+03       2.0340000E+04       2.4488217E-01       2.5000000E+01
  2.0248827E+03       1.7850000E+04       2.4532301E-01       2.5000000E+01
  2.0232594E+03       1.6200000E+04       2.4574393E-01       2.5000000E+01
  2.0210809E+03       1.4440000E+04       2.4639479E-01       2.5000000E+01
  2.0187654E+03       1.3000000E+04       2.4720028E-01       2.5000000E+01
  2.0158667E+03       1.1590000E+04       2.4838645E-01       2.4627689E+01
  2.0132673E+03       1.0550000E+04       2.4963270E-01       2.3181150E+01
  2.0108527E+03       9.7000000E+03       2.5095881E-01       2.1842489E+01
  2.0091835E+03       9.1600000E+03       2.5197758E-01       2.1000000E+01
  2.0077775E+03       8.7200000E+03       2.5290596E-01       2.0353439E+01
  2.0064941E+03       8.3200000E+03       2.5381419E-01       1.9766520E+01
  2.0055190E+03       8.0200000E+03       2.5454558E-01       1.9310829E+01
  2.0041888E+03       7.6500000E+03       2.5560348E-01       1.8857479E+01
  2.0025869E+03       7.2500000E+03       2.5696942E-01       1.8413481E+01
  2.0009690E+03       6.8500000E+03       2.5845481E-01       1.8001270E+01
  1.9997369E+03       6.8000000E+03       2.5964026E-01       1.7683670E+01
  1.9971400E+03       6.7500000E+03       2.6220435E-01       1.7290810E+01
  1.9937300E+03       6.6300000E+03       2.6570042E-01       1.6699320E+01
  1.9727321E+03       6.4800000E+03       2.8933181E-01       1.5825660E+01
  1.9289089E+03       6.3800000E+03       3.4934086E-01       1.4704630E+01
  1.8018450E+03       6.3500000E+03       6.2458769E-01       1.3850840E+01
  1.6815769E+03       6.3400000E+03       1.1131459E+00       1.3063760E+01
  1.5577729E+03       6.3100000E+03       2.0535648E+00       1.2499870E+01
  1.4400000E+03       6.2800000E+03       3.7154683E+00       1.2152930E+01
  1.3400000E+03       6.1800000E+03       6.1921722E+00       1.1953740E+01
  1.2500000E+03       6.1600000E+03       9.8325428E+00       1.1834370E+01
  1.1650000E+03       6.0600000E+03       1.5241050E+01       1.1728500E+01
  1.1000000E+03       5.9300000E+03       2.1414735E+01       1.1646650E+01
  1.0600000E+03       5.7000000E+03       2.6571356E+01       1.1572320E+01
  1.0300000E+03       5.2600000E+03       3.1564456E+01       1.1516570E+01
  1.0100000E+03       4.9000000E+03       3.5728051E+01       1.0800000E+01
  9.8500000E+02       4.4600000E+03       4.2278488E+01       6.4000001E+00
  9.7000000E+02       4.1600000E+03       4.7240837E+01       4.4000001E+00
  9.6000000E+02       4.0300000E+03       5.1158501E+01       2.5999999E+00
  9.5000000E+02       3.9400000E+03       5.5640924E+01       2.2000000E+00
  9.3000000E+02       3.8400000E+03       6.6405671E+01       2.0599999E+00
  9.0000000E+02       3.7900000E+03       8.8203248E+01       1.9400001E+00
  8.7000000E+02       3.8250000E+03       1.1879126E+02       1.8500000E+00
  8.3500000E+02       3.9050000E+03       1.6960647E+02       1.8200001E+00
  7.8000000E+02       4.0300000E+03       2.9813328E+02       1.8000000E+00
  7.2500000E+02       4.1500000E+03       5.1770777E+02       1.8000000E+00
  6.7000000E+02       4.2500000E+03       8.8741750E+02       1.8000000E+00
  6.1900000E+02       4.3400000E+03       1.4472621E+03       1.8000000E+00
  5.8500000E+02       4.4000000E+03       1.9940041E+03       1.8000000E+00
  5.4750000E+02       4.4600000E+03       2.8259767E+03       1.8000000E+00
  4.9800000E+02       4.5300000E+03       4.4488061E+03       1.8000000E+00
  4.4700000E+02       4.6100000E+03       7.0479233E+03       1.8000000E+00
  4.0000000E+02       4.6900000E+03       1.0692734E+04       1.8000000E+00
  3.5000000E+02       4.7850000E+03       1.6523519E+04       1.8000000E+00
  3.0000000E+02       4.9100000E+03       2.5281277E+04       1.8000000E+00
  2.7500000E+02       4.9850000E+03       3.1130935E+04       1.8000000E+00
  2.5000000E+02       5.0800000E+03       3.8186742E+04       1.8000000E+00
  2.2500000E+02       5.1950000E+03       4.6627321E+04       1.8000000E+00
  2.0000000E+02       5.3300000E+03       5.6633286E+04       1.8000000E+00
  1.7500000E+02       5.5000000E+03       6.8391908E+04       1.8000000E+00
  1.5000000E+02       5.7300000E+03       8.2023394E+04       1.8099999E+00
  1.3500000E+02       5.9000000E+03       9.1100216E+04       1.8200001E+00
  1.2000000E+02       6.1000000E+03       1.0081535E+05       1.8500000E+00
  1.0950000E+02       6.2600000E+03       1.0797171E+05       1.8800000E+00
  9.9300003E+01       6.4400000E+03       1.1517601E+05       1.9567600E+00
  9.0000000E+01       6.6400000E+03       1.2192355E+05       2.0474999E+00
  8.0000000E+01       6.9100000E+03       1.2930805E+05       2.1420000E+00
  7.0000000E+01       7.2200000E+03       1.3676287E+05       2.2609999E+00
  6.0000000E+01       7.5500000E+03       1.4424095E+05       2.3601601E+00
  5.0000000E+01       7.8900000E+03       1.5171204E+05       2.4400001E+00
  4.0000000E+01       8.2300000E+03       1.5915885E+05       2.5585001E+00
  3.0000000E+01       8.5700000E+03       1.6657225E+05       2.6099999E+00
  2.0000000E+01       8.8900000E+03       1.7395696E+05       2.6789999E+00
  1.0000000E+01       9.1700000E+03       1.8133937E+05       2.7195001E+00
  0.0000000E+00       9.4100000E+03       1.8875737E+05       2.7500000E+00
