967
5.887745769316359656e+03
5.887755748299600782e+03
5.887765726789973996e+03
5.887775704787476570e+03
5.887785682292110323e+03
5.887795659303875254e+03
5.887805635822770455e+03
5.887815611848796834e+03
5.887825587381954392e+03
5.887835562422242219e+03
5.887845536969660316e+03
5.887855511024209591e+03
5.887865484585890044e+03
5.887875457654700767e+03
5.887885430230642669e+03
5.887895402313714840e+03
5.887905373903918189e+03
5.887915345001252717e+03
5.887925315605717515e+03
5.887935285717312581e+03
5.887945255336039736e+03
5.887955224461896250e+03
5.887965193094884853e+03
5.887975161235003725e+03
5.887985128882252866e+03
5.887995096036633186e+03
5.888005062698144684e+03
5.888015028866786452e+03
5.888024994542558488e+03
5.888034959725462613e+03
5.888044924415496098e+03
5.888054888612661671e+03
5.888064852316957513e+03
5.888074815528383624e+03
5.888084778246940914e+03
5.888094740472629383e+03
5.888104702205448120e+03
5.888114663445398037e+03
5.888124624192478223e+03
5.888134584446689587e+03
5.888144544208032130e+03
5.888154503476504942e+03
5.888164462252108024e+03
5.888174420534842284e+03
5.888184378324707723e+03
5.888194335621703431e+03
5.888204292425830317e+03
5.888214248737088383e+03
5.888224204555476717e+03
5.888234159880995321e+03
5.888244114713645104e+03
5.888254069053426065e+03
5.888264022900337295e+03
5.888273976254379704e+03
5.888283929115552382e+03
5.888293881483856239e+03
5.888303833359290365e+03
5.888313784741856580e+03
5.888323735631552154e+03
5.888333686028378906e+03
5.888343635932336838e+03
5.888353585343425038e+03
5.888363534261644418e+03
5.888373482686994976e+03
5.888383430619475803e+03
5.888393378059086899e+03
5.888403325005829174e+03
5.888413271459702628e+03
5.888423217420706351e+03
5.888433162888841252e+03
5.888443107864106423e+03
5.888453052346502773e+03
5.888462996336030301e+03
5.888472939832688098e+03
5.888482882836476165e+03
5.888492825347395410e+03
5.888502767365445834e+03
5.888512708890626527e+03
5.888522649922938399e+03
5.888532590462381449e+03
5.888542530508954769e+03
5.888552470062658358e+03
5.888562409123493126e+03
5.888572347691459072e+03
5.888582285766555287e+03
5.888592223348782682e+03
5.888602160438141254e+03
5.888612097034629187e+03
5.888622033138249208e+03
5.888631968748999498e+03
5.888641903866880966e+03
5.888651838491892704e+03
5.888661772624035621e+03
5.888671706263308806e+03
5.888681639409713171e+03
5.888691572063247804e+03
5.888701504223913616e+03
5.888711435891710607e+03
5.888721367066637868e+03
5.888731297748696306e+03
5.888741227937885014e+03
5.888751157634204901e+03
5.888761086837655057e+03
5.888771015548236392e+03
5.888780943765948905e+03
5.888790871490791687e+03
5.888800798722764739e+03
5.888810725461869879e+03
5.888820651708104378e+03
5.888830577461470966e+03
5.888840502721966914e+03
5.888850427489594949e+03
5.888860351764353254e+03
5.888870275546242738e+03
5.888880198835262490e+03
5.888890121631412512e+03
5.888900043934694622e+03
5.888909965745107002e+03
5.888919887062649650e+03
5.888929807887323477e+03
5.888939728219127574e+03
5.888949648058063758e+03
5.888959567404129302e+03
5.888969486257326025e+03
5.888979404617653927e+03
5.888989322485113007e+03
5.888999239859701447e+03
5.889009156741421975e+03
5.889019073130272773e+03
5.889028989026254749e+03
5.889038904429366994e+03
5.889048819339609508e+03
5.889058733756984111e+03
5.889068647681488983e+03
5.889078561113124124e+03
5.889088474051890444e+03
5.889098386497787942e+03
5.889108298450815710e+03
5.889118209910973746e+03
5.889128120878263871e+03
5.889138031352683356e+03
5.889147941334234929e+03
5.889157850822916771e+03
5.889167759818728882e+03
5.889177668321672172e+03
5.889187576331746641e+03
5.889197483848951379e+03
5.889207390873287295e+03
5.889217297404753481e+03
5.889227203443350845e+03
5.889237108989078479e+03
5.889247014041937291e+03
5.889256918601927282e+03
5.889266822669047542e+03
5.889276726243298981e+03
5.889286629324680689e+03
5.889296531913193576e+03
5.889306434008836732e+03
5.889316335611611066e+03
5.889326236721516580e+03
5.889336137338552362e+03
5.889346037462718414e+03
5.889355937094015644e+03
5.889365836232444053e+03
5.889375734878003641e+03
5.889385633030692588e+03
5.889395530690513624e+03
5.889405427857464929e+03
5.889415324531546503e+03
5.889425220712760165e+03
5.889435116401103187e+03
5.889445011596578297e+03
5.889454906299182767e+03
5.889464800508919325e+03
5.889474694225786152e+03
5.889484587449783248e+03
5.889494480180911523e+03
5.889504372419170977e+03
5.889514264164560700e+03
5.889524155417081602e+03
5.889534046176732772e+03
5.889543936443515122e+03
5.889553826217428650e+03
5.889563715498472448e+03
5.889573604286646514e+03
5.889583492581951759e+03
5.889593380384388183e+03
5.889603267693954876e+03
5.889613154510652748e+03
5.889623040834481799e+03
5.889632926665441119e+03
5.889642812003530707e+03
5.889652696848751475e+03
5.889662581201103421e+03
5.889672465060585637e+03
5.889682348427199031e+03
5.889692231300942694e+03
5.889702113681817536e+03
5.889711995569823557e+03
5.889721876964959847e+03
5.889731757867226406e+03
5.889741638276625054e+03
5.889751518193153061e+03
5.889761397616813156e+03
5.889771276547602611e+03
5.889781154985524154e+03
5.889791032930575966e+03
5.889800910382758047e+03
5.889810787342072217e+03
5.889820663808515746e+03
5.889830539782090455e+03
5.889840415262796341e+03
5.889850290250633407e+03
5.889860164745600741e+03
5.889870038747698345e+03
5.889879912256927128e+03
5.889889785273287089e+03
5.889899657796777319e+03
5.889909529827398728e+03
5.889919401365150406e+03
5.889929272410033263e+03
5.889939142962046390e+03
5.889949013021190694e+03
5.889958882587466178e+03
5.889968751660871931e+03
5.889978620241408862e+03
5.889988488329076063e+03
5.889998355923874442e+03
5.890008223025803090e+03
5.890018089634862918e+03
5.890027955751053923e+03
5.890037821374375199e+03
5.890047686504826743e+03
5.890057551142409466e+03
5.890067415287123367e+03
5.890077278938968448e+03
5.890087142097942888e+03
5.890097004764049416e+03
5.890106866937286213e+03
5.890116728617653280e+03
5.890126589805152435e+03
5.890136450499780949e+03
5.890146310701541552e+03
5.890156170410431514e+03
5.890166029626453565e+03
5.890175888349605884e+03
5.890185746579888473e+03
5.890195604317302241e+03
5.890205461561847187e+03
5.890215318313522403e+03
5.890225174572328797e+03
5.890235030338265460e+03
5.890244885611333302e+03
5.890254740391532323e+03
5.890264594678861613e+03
5.890274448473321172e+03
5.890284301774912819e+03
5.890294154583633826e+03
5.890304006899486922e+03
5.890313858722469377e+03
5.890323710052583920e+03
5.890333560889828732e+03
5.890343411234203813e+03
5.890353261085710074e+03
5.890363110444347512e+03
5.890372959310115220e+03
5.890382807683014107e+03
5.890392655563044173e+03
5.890402502950203598e+03
5.890412349844495111e+03
5.890422196245916894e+03
5.890432042154469855e+03
5.890441887570153085e+03
5.890451732492966585e+03
5.890461576922912172e+03
5.890471420859988029e+03
5.890481264304194156e+03
5.890491107255531460e+03
5.890500949713999944e+03
5.890510791679598697e+03
5.890520633152327719e+03
5.890530474132188829e+03
5.890540314619179298e+03
5.890550154613301856e+03
5.890559994114554684e+03
5.890569833122937780e+03
5.890579671638452055e+03
5.890589509661097509e+03
5.890599347190873232e+03
5.890609184227780133e+03
5.890619020771817304e+03
5.890628856822985654e+03
5.890638692381285182e+03
5.890648527446714979e+03
5.890658362019275046e+03
5.890668196098966291e+03
5.890678029685788715e+03
5.890687862779741408e+03
5.890697695380825280e+03
5.890707527489039421e+03
5.890717359104384741e+03
5.890727190226861239e+03
5.890737020856468007e+03
5.890746850993205953e+03
5.890756680637074169e+03
5.890766509788073563e+03
5.890776338446203226e+03
5.890786166611464068e+03
5.890795994283855180e+03
5.890805821463377470e+03
5.890815648150030938e+03
5.890825474343814676e+03
5.890835300044729593e+03
5.890845125252774778e+03
5.890854949967951143e+03
5.890864774190257776e+03
5.890874597919695589e+03
5.890884421156264580e+03
5.890894243899963840e+03
5.890904066150794279e+03
5.890913887908754987e+03
5.890923709173846873e+03
5.890933529946069029e+03
5.890943350225422364e+03
5.890953170011905968e+03
5.890962989305520750e+03
5.890972808106266712e+03
5.890982626414142942e+03
5.890992444229150351e+03
5.891002261551288029e+03
5.891012078380556886e+03
5.891021894716956012e+03
5.891031710560486317e+03
5.891041525911147801e+03
5.891051340768939554e+03
5.891061155133862485e+03
5.891070969005915686e+03
5.891080782385100065e+03
5.891090595271414713e+03
5.891100407664860541e+03
5.891110219565436637e+03
5.891120030973144821e+03
5.891129841887982366e+03
5.891139652309951089e+03
5.891149462239050990e+03
5.891159271675281161e+03
5.891169080618642511e+03
5.891178889069135039e+03
5.891188697026757836e+03
5.891198504491510903e+03
5.891208311463395148e+03
5.891218117942410572e+03
5.891227923928556265e+03
5.891237729421833137e+03
5.891247534422241188e+03
5.891257338929778598e+03
5.891267142944448096e+03
5.891276946466247864e+03
5.891286749495178810e+03
5.891296552031240026e+03
5.891306354074432420e+03
5.891316155624755083e+03
5.891325956682208925e+03
5.891335757246793037e+03
5.891345557318508327e+03
5.891355356897354795e+03
5.891365155983331533e+03
5.891374954576439450e+03
5.891384752676677635e+03
5.891394550284047000e+03
5.891404347398546633e+03
5.891414144020177446e+03
5.891423940148939437e+03
5.891433735784831697e+03
5.891443530927854226e+03
5.891453325578008844e+03
5.891463119735292821e+03
5.891472913399708887e+03
5.891482706571255221e+03
5.891492499249931825e+03
5.891502291435739608e+03
5.891512083128678569e+03
5.891521874328747799e+03
5.891531665035948208e+03
5.891541455250278887e+03
5.891551244971740743e+03
5.891561034200332870e+03
5.891570822936056175e+03
5.891580611178910658e+03
5.891590398928895411e+03
5.891600186186010433e+03
5.891609972950257543e+03
5.891619759221634013e+03
5.891629545000142571e+03
5.891639330285781398e+03
5.891649115078550494e+03
5.891658899378450769e+03
5.891668683185482223e+03
5.891678466499643946e+03
5.891688249320936848e+03
5.891698031649360018e+03
5.891707813484914368e+03
5.891717594827598987e+03
5.891727375677414784e+03
5.891737156034361760e+03
5.891746935898439006e+03
5.891756715269647430e+03
5.891766494147986123e+03
5.891776272533455995e+03
5.891786050426056136e+03
5.891795827825787455e+03
5.891805604732649044e+03
5.891815381146642721e+03
5.891825157067765758e+03
5.891834932496019974e+03
5.891844707431405368e+03
5.891854481873921031e+03
5.891864255823567873e+03
5.891874029280345894e+03
5.891883802244254184e+03
5.891893574715292743e+03
5.891903346693462481e+03
5.891913118178763398e+03
5.891922889171194583e+03
5.891932659670756948e+03
5.891942429677450491e+03
5.891952199191273394e+03
5.891961968212228385e+03
5.891971736740313645e+03
5.891981504775530084e+03
5.891991272317876792e+03
5.892001039367354679e+03
5.892010805923962835e+03
5.892020571987702169e+03
5.892030337558571773e+03
5.892040102636572556e+03
5.892049867221704517e+03
5.892059631313966747e+03
5.892069394913360156e+03
5.892079158019883835e+03
5.892088920633538692e+03
5.892098682754323818e+03
5.892108444382240123e+03
5.892118205517287606e+03
5.892127966159465359e+03
5.892137726308774290e+03
5.892147485965213491e+03
5.892157245128783870e+03
5.892167003799484519e+03
5.892176761977316346e+03
5.892186519662278442e+03
5.892196276854371717e+03
5.892206033553596171e+03
5.892215789759950894e+03
5.892225545473436796e+03
5.892235300694052967e+03
5.892245055421800316e+03
5.892254809656677935e+03
5.892264563398686732e+03
5.892274316647826709e+03
5.892284069404096954e+03
5.892293821667498378e+03
5.892303573438030071e+03
5.892313324715692943e+03
5.892323075500486084e+03
5.892332825792410404e+03
5.892342575591464993e+03
5.892352324897650760e+03
5.892362073710967707e+03
5.892371822031414922e+03
5.892381569858993316e+03
5.892391317193701980e+03
5.892401064035541822e+03
5.892410810384512843e+03
5.892420556240614133e+03
5.892430301603845692e+03
5.892440046474208430e+03
5.892449790851702346e+03
5.892459534736326532e+03
5.892469278128081896e+03
5.892479021026967530e+03
5.892488763432984342e+03
5.892498505346132333e+03
5.892508246766410593e+03
5.892517987693819123e+03
5.892527728128359740e+03
5.892537468070029718e+03
5.892547207518831783e+03
5.892556946474764118e+03
5.892566684937826722e+03
5.892576422908020504e+03
5.892586160385345465e+03
5.892595897369800696e+03
5.892605633861386195e+03
5.892615369860103783e+03
5.892625105365951640e+03
5.892634840378929766e+03
5.892644574899039071e+03
5.892654308926278645e+03
5.892664042460650307e+03
5.892673775502151329e+03
5.892683508050783530e+03
5.892693240106546909e+03
5.892702971669440558e+03
5.892712702739465385e+03
5.892722433316621391e+03
5.892732163400907666e+03
5.892741892992324210e+03
5.892751622090872843e+03
5.892761350696550835e+03
5.892771078809360915e+03
5.892780806429300355e+03
5.892790533556371884e+03
5.892800260190573681e+03
5.892809986331905748e+03
5.892819711980368993e+03
5.892829437135963417e+03
5.892839161798688110e+03
5.892848885968543982e+03
5.892858609645530123e+03
5.892868332829647443e+03
5.892878055520895941e+03
5.892887777719274709e+03
5.892897499424783746e+03
5.892907220637424871e+03
5.892916941357195356e+03
5.892926661584097928e+03
5.892936381318129861e+03
5.892946100559293882e+03
5.892955819307588172e+03
5.892965537563012731e+03
5.892975255325569378e+03
5.892984972595255385e+03
5.892994689372072571e+03
5.893004405656020936e+03
5.893014121447100479e+03
5.893023836745310291e+03
5.893033551550650373e+03
5.893043265863121633e+03
5.893052979682724072e+03
5.893062693009456780e+03
5.893072405843320666e+03
5.893082118184314822e+03
5.893091830032440157e+03
5.893101541387695761e+03
5.893111252250082543e+03
5.893120962619600505e+03
5.893130672496248735e+03
5.893140381880028144e+03
5.893150090770937823e+03
5.893159799168978680e+03
5.893169507074149806e+03
5.893179214486452111e+03
5.893188921405885594e+03
5.893198627832449347e+03
5.893208333766143369e+03
5.893218039206968569e+03
5.893227744154924949e+03
5.893237448610012507e+03
5.893247152572229425e+03
5.893256856041578430e+03
5.893266559018057706e+03
5.893276261501667250e+03
5.893285963492408882e+03
5.893295664990279874e+03
5.893305365995282955e+03
5.893315066507415395e+03
5.893324766526679923e+03
5.893334466053074721e+03
5.893344165086599787e+03
5.893353863627256032e+03
5.893363561675043456e+03
5.893373259229961150e+03
5.893382956292010022e+03
5.893392652861189163e+03
5.893402348937499482e+03
5.893412044520940981e+03
5.893421739611512749e+03
5.893431434209214785e+03
5.893441128314048001e+03
5.893450821926012395e+03
5.893460515045107059e+03
5.893470207671332901e+03
5.893479899804689921e+03
5.893489591445177211e+03
5.893499282592794771e+03
5.893508973247543508e+03
5.893518663409423425e+03
5.893528353078433611e+03
5.893538042254574975e+03
5.893547730937846609e+03
5.893557419128249421e+03
5.893567106825783412e+03
5.893576794030447672e+03
5.893586480742242202e+03
5.893596166961168819e+03
5.893605852687224797e+03
5.893615537920412862e+03
5.893625222660730287e+03
5.893634906908179801e+03
5.893644590662759583e+03
5.893654273924469635e+03
5.893663956693311775e+03
5.893673638969283274e+03
5.893683320752385953e+03
5.893693002042619810e+03
5.893702682839984845e+03
5.893712363144480150e+03
5.893722042956105724e+03
5.893731722274862477e+03
5.893741401100750409e+03
5.893751079433768609e+03
5.893760757273917989e+03
5.893770434621197637e+03
5.893780111475608464e+03
5.893789787837149561e+03
5.893799463705821836e+03
5.893809139081625290e+03
5.893818813964559013e+03
5.893828488354623914e+03
5.893838162251819085e+03
5.893847835656145435e+03
5.893857508567602054e+03
5.893867180986189851e+03
5.893876852911908827e+03
5.893886524344758072e+03
5.893896195284737587e+03
5.893905865731849190e+03
5.893915535686090152e+03
5.893925205147463203e+03
5.893934874115966522e+03
5.893944542591600111e+03
5.893954210574364879e+03
5.893963878064260825e+03
5.893973545061287041e+03
5.893983211565443526e+03
5.893992877576732099e+03
5.894002543095150941e+03
5.894012208120700052e+03
5.894021872653380342e+03
5.894031536693190901e+03
5.894041200240133549e+03
5.894050863294205556e+03
5.894060525855408741e+03
5.894070187923743106e+03
5.894079849499208649e+03
5.894089510581803552e+03
5.894099171171530543e+03
5.894108831268387803e+03
5.894118490872376242e+03
5.894128149983494950e+03
5.894137808601743927e+03
5.894147466727124993e+03
5.894157124359636327e+03
5.894166781499277931e+03
5.894176438146050714e+03
5.894186094299953766e+03
5.894195749960988906e+03
5.894205405129153405e+03
5.894215059804449993e+03
5.894224713986875940e+03
5.894234367676433976e+03
5.894244020873122281e+03
5.894253673576940855e+03
5.894263325787890608e+03
5.894272977505971539e+03
5.894282628731182740e+03
5.894292279463525119e+03
5.894301929702997768e+03
5.894311579449601595e+03
5.894321228703335692e+03
5.894330877464200967e+03
5.894340525732197420e+03
5.894350173507324143e+03
5.894359820789582045e+03
5.894369467578970216e+03
5.894379113875489566e+03
5.894388759679139184e+03
5.894398404989919982e+03
5.894408049807831048e+03
5.894417694132874203e+03
5.894427337965046718e+03
5.894436981304350411e+03
5.894446624150785283e+03
5.894456266504350424e+03
5.894465908365046744e+03
5.894475549732874242e+03
5.894485190607832010e+03
5.894494830989920047e+03
5.894504470879139262e+03
5.894514110275489656e+03
5.894523749178970320e+03
5.894533387589582162e+03
5.894543025507325183e+03
5.894552662932198473e+03
5.894562299864202032e+03
5.894571936303336770e+03
5.894581572249602686e+03
5.894591207702998872e+03
5.894600842663526237e+03
5.894610477131183870e+03
5.894620111105972683e+03
5.894629744587892674e+03
5.894639377576942934e+03
5.894649010073123463e+03
5.894658642076435171e+03
5.894668273586878058e+03
5.894677904604451214e+03
5.894687535129155549e+03
5.894697165160991062e+03
5.894706794699955935e+03
5.894716423746052897e+03
5.894726052299280127e+03
5.894735680359638536e+03
5.894745307927127214e+03
5.894754935001747072e+03
5.894764561583497198e+03
5.894774187672378503e+03
5.894783813268390986e+03
5.894793438371533739e+03
5.894803062981806761e+03
5.894812687099210962e+03
5.894822310723746341e+03
5.894831933855411989e+03
5.894841556494208817e+03
5.894851178640136823e+03
5.894860800293195098e+03
5.894870421453383642e+03
5.894880042120703365e+03
5.894889662295154267e+03
5.894899281976735438e+03
5.894908901165447787e+03
5.894918519861290406e+03
5.894928138064264203e+03
5.894937755774369180e+03
5.894947372991604425e+03
5.894956989715969939e+03
5.894966605947467542e+03
5.894976221686094505e+03
5.894985836931853555e+03
5.894995451684742875e+03
5.895005065944762464e+03
5.895014679711913232e+03
5.895024292986195178e+03
5.895033905767607393e+03
5.895043518056149878e+03
5.895053129851824451e+03
5.895062741154628384e+03
5.895072351964564405e+03
5.895081962281630695e+03
5.895091572105827254e+03
5.895101181437154992e+03
5.895110790275613908e+03
5.895120398621203094e+03
5.895130006473923459e+03
5.895139613833774092e+03
5.895149220700755905e+03
5.895158827074868896e+03
5.895168432956112156e+03
5.895178038344485685e+03
5.895187643239990393e+03
5.895197247642626280e+03
5.895206851552392436e+03
5.895216454969289771e+03
5.895226057893318284e+03
5.895235660324476157e+03
5.895245262262766119e+03
5.895254863708186349e+03
5.895264464660737758e+03
5.895274065120419436e+03
5.895283665087232293e+03
5.895293264561175420e+03
5.895302863542249725e+03
5.895312462030454299e+03
5.895322060025790051e+03
5.895331657528256983e+03
5.895341254537854184e+03
5.895350851054582563e+03
5.895360447078441211e+03
5.895370042609431039e+03
5.895379637647551135e+03
5.895389232192802410e+03
5.895398826245184864e+03
5.895408419804697587e+03
5.895418012871341489e+03
5.895427605445115660e+03
5.895437197526021009e+03
5.895446789114056628e+03
5.895456380209223425e+03
5.895465970811521402e+03
5.895475560920949647e+03
5.895485150537508162e+03
5.895494739661197855e+03
5.895504328292018727e+03
5.895513916429969868e+03
5.895523504075052188e+03
5.895533091227265686e+03
5.895542677886609454e+03
5.895552264053083491e+03
5.895561849726688706e+03
5.895571434907425100e+03
5.895581019595291764e+03
5.895590603790289606e+03
5.895600187492417717e+03
5.895609770701677007e+03
5.895619353418067476e+03
5.895628935641588214e+03
5.895638517372240130e+03
5.895648098610022316e+03
5.895657679354934771e+03
5.895667259606979314e+03
5.895676839366154127e+03
5.895686418632459208e+03
5.895695997405895469e+03
5.895705575686462907e+03
5.895715153474160616e+03
5.895724730768989502e+03
5.895734307570948658e+03
5.895743883880038993e+03
5.895753459696259597e+03
5.895763035019611380e+03
5.895772609850093431e+03
5.895782184187707571e+03
5.895791758032451071e+03
5.895801331384325749e+03
5.895810904243331606e+03
5.895820476609467732e+03
5.895830048482735037e+03
5.895839619863133521e+03
5.895849190750662274e+03
5.895858761145321296e+03
5.895868331047112406e+03
5.895877900456032876e+03
5.895887469372085434e+03
5.895897037795267352e+03
5.895906605725581358e+03
5.895916173163025633e+03
5.895925740107600177e+03
5.895935306559305900e+03
5.895944872518142802e+03
5.895954437984109973e+03
5.895964002957208322e+03
5.895973567437436941e+03
5.895983131424796738e+03
5.895992694919287715e+03
5.896002257920908960e+03
5.896011820429660474e+03
5.896021382445544077e+03
5.896030943968557040e+03
5.896040504998702090e+03
5.896050065535976501e+03
5.896059625580382999e+03
5.896069185131919767e+03
5.896078744190586804e+03
5.896088302756385019e+03
5.896097860829314413e+03
5.896107418409374077e+03
5.896116975496564919e+03
5.896126532090886030e+03
5.896136088192338320e+03
5.896145643800921789e+03
5.896155198916635527e+03
5.896164753539480444e+03
5.896174307669455629e+03
5.896183861306561084e+03
5.896193414450798628e+03
5.896202967102166440e+03
5.896212519260664521e+03
5.896222070926293782e+03
5.896231622099054221e+03
5.896241172778944929e+03
5.896250722965965906e+03
5.896260272660118972e+03
5.896269821861402306e+03
5.896279370569815910e+03
5.896288918785360693e+03
5.896298466508035744e+03
5.896308013737841975e+03
5.896317560474779384e+03
5.896327106718847062e+03
5.896336652470045919e+03
5.896346197728375046e+03
5.896355742493835351e+03
5.896365286766426834e+03
5.896374830546148587e+03
5.896384373833000609e+03
5.896393916626983810e+03
5.896403458928098189e+03
5.896413000736342838e+03
5.896422542051718665e+03
5.896432082874225671e+03
5.896441623203862036e+03
5.896451163040630490e+03
5.896460702384529213e+03
5.896470241235559115e+03
5.896479779593719286e+03
5.896489317459010636e+03
5.896498854831432254e+03
5.896508391710985052e+03
5.896517928097668118e+03
5.896527463991482364e+03
5.896536999392427788e+03
5.896546534300503481e+03
5.896556068715710353e+03
5.896565602638047494e+03
5.896575136067515814e+03
5.896584669004114403e+03
5.896594201447844171e+03
5.896603733398705117e+03
5.896613264856696333e+03
5.896622795821818727e+03
5.896632326294071390e+03
5.896641856273455232e+03
5.896651385759969344e+03
5.896660914753614634e+03
5.896670443254390193e+03
5.896679971262296931e+03
5.896689498777334848e+03
5.896699025799503033e+03
5.896708552328802398e+03
5.896718078365232032e+03
5.896727603908792844e+03
5.896737128959484835e+03
5.896746653517307095e+03
5.896756177582259625e+03
5.896765701154343333e+03
5.896775224233558220e+03
5.896784746819903376e+03
5.896794268913379710e+03
5.896803790513986314e+03
5.896813311621724097e+03
5.896822832236593058e+03
5.896832352358592289e+03
5.896841871987721788e+03
5.896851391123983376e+03
5.896860909767374324e+03
5.896870427917897359e+03
5.896879945575549755e+03
5.896889462740334238e+03
5.896898979412248991e+03
5.896908495591294013e+03
5.896918011277471123e+03
5.896927526470777593e+03
5.896937041171216151e+03
5.896946555378784069e+03
5.896956069093484075e+03
5.896965582315314350e+03
5.896975095044274894e+03
5.896984607280366617e+03
5.896994119023589519e+03
5.897003630273942690e+03
5.897013141031427040e+03
5.897022651296041658e+03
5.897032161067787456e+03
5.897041670346664432e+03
5.897051179132671678e+03
5.897060687425809192e+03
5.897070195226077885e+03
5.897079702533477757e+03
5.897089209348007898e+03
5.897098715669669218e+03
5.897108221498460807e+03
5.897117726834383575e+03
5.897127231677437521e+03
5.897136736027621737e+03
5.897146239884937131e+03
5.897155743249382795e+03
