5.895633e-05 3.603759e+14 1.884467e+07 2.936047e+07 1.595162e+10
5.895683e-05 3.603341e+14 2.098802e+07 3.252160e+07 1.724386e+10
5.895734e-05 3.602892e+14 2.344524e+07 3.611578e+07 1.867908e+10
5.895784e-05 3.602408e+14 2.627304e+07 4.021531e+07 2.027753e+10
5.895834e-05 3.601885e+14 2.954040e+07 4.490679e+07 2.206301e+10
5.895884e-05 3.601318e+14 3.333167e+07 5.029430e+07 2.406356e+10
5.895934e-05 3.600702e+14 3.775052e+07 5.650355e+07 2.631243e+10
5.895984e-05 3.600031e+14 4.292522e+07 6.368698e+07 2.884917e+10
5.896034e-05 3.599297e+14 4.901532e+07 7.203034e+07 3.172112e+10
5.896084e-05 3.598493e+14 5.622061e+07 8.176097e+07 3.498520e+10
5.896134e-05 3.597608e+14 6.479289e+07 9.315844e+07 3.871030e+10
5.896184e-05 3.596631e+14 7.505161e+07 1.065683e+08 4.298021e+10
5.896234e-05 3.595548e+14 8.740498e+07 1.224195e+08 4.789760e+10
5.896284e-05 3.594343e+14 1.023782e+08 1.412476e+08 5.358903e+10
5.896334e-05 3.592996e+14 1.206519e+08 1.637239e+08 6.021174e+10
5.896384e-05 3.591484e+14 1.431142e+08 1.906946e+08 6.796251e+10
5.896434e-05 3.589778e+14 1.709322e+08 2.232310e+08 7.708975e+10
5.896484e-05 3.587843e+14 2.056487e+08 2.626968e+08 8.790975e+10
5.896534e-05 3.585635e+14 2.493146e+08 3.108361e+08 1.008291e+11
5.896584e-05 3.583100e+14 3.046664e+08 3.698945e+08 1.163761e+11
5.896634e-05 3.580171e+14 3.753620e+08 4.427861e+08 1.352442e+11
5.896684e-05 3.576761e+14 4.662846e+08 5.333409e+08 1.583552e+11
5.896734e-05 3.572760e+14 5.839165e+08 6.466981e+08 1.869505e+11
5.896784e-05 3.568023e+14 7.367705e+08 7.900005e+08 2.227246e+11
5.896834e-05 3.562361e+14 9.404107e+08 9.722444e+08 2.680657e+11
5.896884e-05 3.555518e+14 1.187843e+09 1.210826e+09 3.263027e+11
5.896934e-05 3.547151e+14 1.533800e+09 1.542005e+09 4.019969e+11
5.896984e-05 3.536785e+14 1.976073e+09 2.009092e+09 5.023591e+11
5.897034e-05 3.523745e+14 2.566887e+09 2.719585e+09 6.377668e+11
5.897084e-05 3.507060e+14 3.400375e+09 3.868352e+09 8.242911e+11
5.897134e-05 3.485292e+14 4.687666e+09 5.803233e+09 1.087360e+12
5.897184e-05 3.456241e+14 6.864339e+09 9.123875e+09 1.468652e+12
5.897234e-05 3.416415e+14 1.074302e+10 1.495976e+10 2.039714e+12
5.897284e-05 3.359974e+14 1.795487e+10 2.595605e+10 2.932325e+12
5.897334e-05 3.276321e+14 3.290702e+10 4.958980e+10 4.420808e+12
5.897384e-05 3.138798e+14 8.344501e+10 1.176275e+11 7.615863e+12
5.897434e-05 2.497002e+14 1.650047e+12 1.145318e+12 4.674333e+13
5.897484e-05 9.796926e+13 2.626680e+12 1.433631e+12 5.391372e+13
5.897534e-05 3.340605e+13 1.319423e+11 -2.305233e+11 6.679757e+12
5.897584e-05 3.450506e+13 1.764217e+11 -1.972107e+11 -7.747325e+12
5.897634e-05 1.051973e+14 2.823799e+12 1.581770e+12 -5.817272e+13
5.897684e-05 2.572114e+14 1.423407e+12 1.005155e+12 -4.213201e+13
5.897734e-05 3.149497e+14 7.636538e+10 1.101656e+11 -7.280051e+12
5.897784e-05 3.281901e+14 3.167415e+10 4.763399e+10 -4.311133e+12
5.897834e-05 3.363530e+14 1.739726e+10 2.509497e+10 -2.868399e+12
5.897884e-05 3.418744e+14 1.045185e+10 1.452093e+10 -1.999295e+12
5.897934e-05 3.457762e+14 6.701940e+09 8.876950e+09 -1.441757e+12
5.897984e-05 3.486250e+14 4.593340e+09 5.659011e+09 -1.068784e+12
5.898034e-05 3.507607e+14 3.340990e+09 3.782775e+09 -8.110613e+11
5.898084e-05 3.523978e+14 2.525547e+09 2.667139e+09 -6.280935e+11
5.898134e-05 3.536769e+14 1.945147e+09 1.975047e+09 -4.951204e+11
5.898184e-05 3.546932e+14 1.509910e+09 1.518361e+09 -3.964672e+11
5.898234e-05 3.555128e+14 1.169132e+09 1.196968e+09 -3.220134e+11
5.898284e-05 3.561822e+14 9.225436e+08 9.593050e+08 -2.646365e+11
5.898334e-05 3.567353e+14 7.254349e+08 7.794711e+08 -2.199904e+11
5.898384e-05 3.571971e+14 5.750509e+08 6.382495e+08 -1.847241e+11
5.898434e-05 3.575863e+14 4.593204e+08 5.264824e+08 -1.565197e+11
5.898484e-05 3.579171e+14 3.698576e+08 4.371693e+08 -1.337137e+11
5.898534e-05 3.582004e+14 3.002836e+08 3.652605e+08 -1.150867e+11
5.898584e-05 3.584446e+14 2.457966e+08 3.069872e+08 -9.973263e+10
5.898634e-05 3.586566e+14 2.028010e+08 2.594795e+08 -8.696911e+10
5.898684e-05 3.588417e+14 1.686074e+08 2.205251e+08 -7.627636e+10
5.898734e-05 3.590040e+14 1.412004e+08 1.884051e+08 -6.725397e+10
5.898784e-05 3.591472e+14 1.190637e+08 1.617754e+08 -5.959033e+10
5.898834e-05 3.592739e+14 1.010498e+08 1.395798e+08 -5.304061e+10
5.898884e-05 3.593867e+14 8.628570e+07 1.209843e+08 -4.741077e+10
5.898934e-05 3.594873e+14 7.410181e+07 1.053266e+08 -4.254572e+10
5.898984e-05 3.595774e+14 6.398150e+07 9.207885e+07 -3.832057e+10
5.899034e-05 3.596585e+14 5.552308e+07 8.081774e+07 -3.463398e+10
5.899084e-05 3.597315e+14 4.841209e+07 7.120245e+07 -3.140322e+10
5.899134e-05 3.597975e+14 4.240060e+07 6.295711e+07 -2.856027e+10
5.899184e-05 3.598573e+14 3.729185e+07 5.585739e+07 -2.604888e+10
5.899234e-05 3.599117e+14 3.292865e+07 4.971997e+07 -2.382228e+10
5.899284e-05 3.599612e+14 2.918463e+07 4.439436e+07 -2.184138e+10
5.899334e-05 3.600063e+14 2.595757e+07 3.975645e+07 -2.007332e+10
5.899384e-05 3.600476e+14 2.316434e+07 3.570347e+07 -1.849035e+10
5.899435e-05 3.600854e+14 2.073691e+07 3.214991e+07 -1.706897e+10
5.899485e-05 3.601201e+14 1.861936e+07 2.902435e+07 -1.578912e+10
5.899535e-05 3.601520e+14 1.676546e+07 2.626689e+07 -1.463368e+10
5.899635e-05 3.602083e+14 1.370133e+07 2.166237e+07 -1.263920e+10
5.895633e-05 3.516327e+14 1.088133e+07 1.693152e+07 6.851910e+10
5.895683e-05 3.514259e+14 1.211415e+07 1.878439e+07 7.411522e+10
5.895734e-05 3.512025e+14 1.352694e+07 2.089639e+07 8.033591e+10
5.895784e-05 3.509604e+14 1.515220e+07 2.331194e+07 8.727051e+10
5.895834e-05 3.506976e+14 1.702949e+07 2.608457e+07 9.502406e+10
5.895884e-05 3.504115e+14 1.920721e+07 2.927902e+07 1.037207e+11
5.895934e-05 3.500995e+14 2.174499e+07 3.297403e+07 1.135076e+11
5.895984e-05 3.497581e+14 2.471667e+07 3.726582e+07 1.245604e+11
5.896034e-05 3.493834e+14 2.821459e+07 4.227298e+07 1.370906e+11
5.896084e-05 3.489702e+14 3.235463e+07 4.814186e+07 1.513525e+11
5.896134e-05 3.485133e+14 3.728304e+07 5.505391e+07 1.676527e+11
5.896184e-05 3.480067e+14 4.318670e+07 6.323653e+07 1.863667e+11
5.896234e-05 3.474427e+14 5.030599e+07 7.297601e+07 2.079554e+11
5.896284e-05 3.468125e+14 5.895286e+07 8.463518e+07 2.329891e+11
5.896334e-05 3.461053e+14 6.953604e+07 9.867688e+07 2.621777e+11
5.896384e-05 3.453080e+14 8.259629e+07 1.156958e+08 2.964133e+11
5.896434e-05 3.444049e+14 9.885654e+07 1.364616e+08 3.368251e+11
5.896484e-05 3.433761e+14 1.192941e+08 1.619767e+08 3.848566e+11
5.896534e-05 3.421976e+14 1.452449e+08 1.935567e+08 4.423707e+11
5.896584e-05 3.408390e+14 1.785572e+08 2.329379e+08 5.117969e+11
5.896634e-05 3.392619e+14 2.218172e+08 2.824263e+08 5.963397e+11
5.896684e-05 3.374173e+14 2.786850e+08 3.450962e+08 7.002770e+11
5.896734e-05 3.352421e+14 3.543926e+08 4.250584e+08 8.293942e+11
5.896784e-05 3.326536e+14 4.564762e+08 5.278090e+08 9.916245e+11
5.896834e-05 3.295448e+14 5.958133e+08 6.606937e+08 1.198017e+12
5.896884e-05 3.257668e+14 7.881940e+08 8.334537e+08 1.464239e+12
5.896934e-05 3.211174e+14 1.050516e+09 1.059512e+09 1.812808e+12
5.896984e-05 3.153166e+14 1.427597e+09 1.356929e+09 2.276200e+12
5.897034e-05 3.079713e+14 1.939500e+09 1.754289e+09 2.902807e+12
5.897084e-05 2.985161e+14 2.626841e+09 2.311343e+09 3.765164e+12
5.897134e-05 2.861295e+14 3.515005e+09 3.177124e+09 4.971022e+12
5.897184e-05 2.696147e+14 4.652378e+09 4.741586e+09 6.676539e+12
5.897234e-05 2.472604e+14 6.309665e+09 7.865338e+09 9.084459e+12
5.897284e-05 2.168118e+14 9.329767e+09 1.391104e+10 1.235836e+13
5.897334e-05 1.761381e+14 1.482731e+10 2.438116e+10 1.621958e+13
5.897384e-05 1.263139e+14 2.224294e+10 4.045069e+10 1.870674e+13
5.897434e-05 8.576014e+13 -4.366724e+10 2.748838e+08 7.656374e+12
5.897484e-05 1.310194e+14 -1.418974e+11 7.403678e+09 -1.570264e+13
5.897534e-05 1.271329e+14 -2.351854e+10 -7.315024e+10 6.867799e+12
5.897584e-05 1.372528e+14 5.866226e+09 -1.881185e+09 -1.264789e+13
5.897634e-05 1.115915e+14 -2.794256e+11 -1.165287e+11 3.348503e+13
5.897684e-05 9.727856e+13 1.989790e+10 4.724494e+10 -1.728903e+13
5.897734e-05 1.477671e+14 1.915156e+10 3.304769e+10 -1.809135e+13
5.897784e-05 1.943778e+14 1.219021e+10 1.939254e+10 -1.460186e+13
5.897834e-05 2.306157e+14 7.826427e+09 1.093932e+10 -1.088716e+13
5.897884e-05 2.573880e+14 5.517293e+09 6.294172e+09 -7.980600e+12
5.897934e-05 2.770556e+14 4.139540e+09 3.961919e+09 -5.891279e+12
5.897984e-05 2.916656e+14 3.118381e+09 2.761203e+09 -4.416380e+12
5.898034e-05 3.027002e+14 2.316474e+09 2.052896e+09 -3.369681e+12
5.898084e-05 3.111834e+14 1.706007e+09 1.573392e+09 -2.616497e+12
5.898134e-05 3.178177e+14 1.251074e+09 1.219345e+09 -2.065242e+12
5.898184e-05 3.230880e+14 9.329182e+08 9.572226e+08 -1.654609e+12
5.898234e-05 3.273355e+14 6.997473e+08 7.553795e+08 -1.343686e+12
5.898284e-05 3.308031e+14 5.318801e+08 6.006417e+08 -1.104783e+12
5.898334e-05 3.336700e+14 4.097214e+08 4.813954e+08 -9.184792e+11
5.898384e-05 3.360648e+14 3.197907e+08 3.889571e+08 -7.712647e+11
5.898434e-05 3.380835e+14 2.527471e+08 3.168189e+08 -6.535351e+11
5.898484e-05 3.397999e+14 2.021234e+08 2.601101e+08 -5.583479e+11
5.898534e-05 3.412709e+14 1.634173e+08 2.151889e+08 -4.806110e+11
5.898584e-05 3.425406e+14 1.334672e+08 1.793298e+08 -4.165383e+11
5.898634e-05 3.436437e+14 1.100291e+08 1.504855e+08 -3.632793e+11
5.898684e-05 3.446078e+14 9.149173e+07 1.271106e+08 -3.186625e+11
5.898734e-05 3.454551e+14 7.668448e+07 1.080319e+08 -2.810157e+11
5.898784e-05 3.462035e+14 6.474720e+07 9.235249e+07 -2.490376e+11
5.898834e-05 3.468676e+14 5.504068e+07 7.938199e+07 -2.217063e+11
5.898884e-05 3.474596e+14 4.708460e+07 6.858546e+07 -1.982118e+11
5.898934e-05 3.479892e+14 4.051451e+07 5.954527e+07 -1.779072e+11
5.898984e-05 3.484648e+14 3.505111e+07 5.193318e+07 -1.602713e+11
5.899034e-05 3.488934e+14 3.047838e+07 4.548947e+07 -1.448816e+11
5.899084e-05 3.492806e+14 2.662782e+07 4.000728e+07 -1.313927e+11
5.899134e-05 3.496314e+14 2.336726e+07 3.532144e+07 -1.195233e+11
5.899184e-05 3.499508e+14 2.059119e+07 3.129761e+07 -1.090364e+11
5.899234e-05 3.502423e+14 1.821573e+07 2.782743e+07 -9.973728e+10
5.899284e-05 3.505091e+14 1.617347e+07 2.482251e+07 -9.146285e+10
5.899334e-05 3.507537e+14 1.440985e+07 2.221040e+07 -8.407621e+10
5.899384e-05 3.509785e+14 1.288046e+07 1.993139e+07 -7.746175e+10
5.899435e-05 3.511855e+14 1.154891e+07 1.793604e+07 -7.152143e+10
5.899485e-05 3.513766e+14 1.038527e+07 1.618321e+07 -6.617171e+10
5.899535e-05 3.515533e+14 9.364724e+06 1.463852e+07 -6.134116e+10
5.899635e-05 3.518687e+14 7.673843e+06 1.206273e+07 -5.300069e+10
5.895633e-05 3.261637e+14 8.831889e+05 -7.343017e+05 -1.840119e+10
5.895683e-05 3.259110e+14 9.821791e+05 -8.158661e+05 -1.991552e+10
5.895734e-05 3.256376e+14 1.095415e+06 -9.090356e+05 -2.160005e+10
5.895784e-05 3.253406e+14 1.225434e+06 -1.015849e+06 -2.347946e+10
5.895834e-05 3.250175e+14 1.375293e+06 -1.138754e+06 -2.558235e+10
5.895884e-05 3.246653e+14 1.548729e+06 -1.280735e+06 -2.794279e+10
5.895934e-05 3.242803e+14 1.750328e+06 -1.445440e+06 -3.060126e+10
5.895984e-05 3.238584e+14 1.985749e+06 -1.637352e+06 -3.360604e+10
5.896034e-05 3.233947e+14 2.262016e+06 -1.862015e+06 -3.701505e+10
5.896084e-05 3.228835e+14 2.587913e+06 -2.126328e+06 -4.089816e+10
5.896134e-05 3.223182e+14 2.974498e+06 -2.438931e+06 -4.534014e+10
5.896184e-05 3.216907e+14 3.435808e+06 -2.810727e+06 -5.044443e+10
5.896234e-05 3.209918e+14 3.989799e+06 -3.255575e+06 -5.633815e+10
5.896284e-05 3.202099e+14 4.659646e+06 -3.791234e+06 -6.317853e+10
5.896334e-05 3.193317e+14 5.475543e+06 -4.440652e+06 -7.116154e+10
5.896384e-05 3.183407e+14 6.477227e+06 -5.233755e+06 -8.053327e+10
5.896434e-05 3.172167e+14 7.717557e+06 -6.209933e+06 -9.160542e+10
5.896484e-05 3.159352e+14 9.267676e+06 -7.421573e+06 -1.047762e+11
5.896534e-05 3.144657e+14 1.122455e+07 -8.939091e+06 -1.205593e+11
5.896584e-05 3.127710e+14 1.372220e+07 -1.085828e+07 -1.396248e+11
5.896634e-05 3.108014e+14 1.694838e+07 -1.331079e+07 -1.628535e+11
5.896684e-05 3.084953e+14 2.117056e+07 -1.648008e+07 -1.914188e+11
5.896734e-05 3.057732e+14 2.677629e+07 -2.062491e+07 -2.269024e+11
5.896784e-05 3.025315e+14 3.433752e+07 -2.611502e+07 -2.714616e+11
5.896834e-05 2.986332e+14 4.471529e+07 -3.348523e+07 -3.280767e+11
5.896884e-05 2.938951e+14 5.926299e+07 -4.353168e+07 -4.009836e+11
5.896934e-05 2.880686e+14 7.998369e+07 -5.736892e+07 -4.959020e+11
5.896984e-05 2.808126e+14 1.103957e+08 -7.680863e+07 -6.216366e+11
5.897034e-05 2.716542e+14 1.556702e+08 -1.040898e+08 -7.895677e+11
5.897084e-05 2.599325e+14 2.250950e+08 -1.428158e+08 -1.017252e+12
5.897134e-05 2.447245e+14 3.333509e+08 -1.970334e+08 -1.327542e+12
5.897184e-05 2.247752e+14 5.029284e+08 -2.698389e+08 -1.747754e+12
5.897234e-05 1.985104e+14 7.600043e+08 -3.582790e+08 -2.296513e+12
5.897284e-05 1.644328e+14 1.102974e+09 -4.488976e+08 -2.935474e+12
5.897334e-05 1.227096e+14 1.418694e+09 -5.657778e+08 -3.436003e+12
5.897384e-05 7.897133e+13 1.470372e+09 -8.791074e+08 -3.230337e+12
5.897434e-05 4.712310e+13 -3.110211e+09 1.531720e+09 -6.824483e+11
5.897484e-05 5.169983e+13 8.325971e+08 -5.339413e+08 -1.205297e+12
5.897534e-05 4.550077e+13 -4.692526e+08 4.641031e+08 9.429238e+10
5.897584e-05 5.560356e+13 1.283352e+09 -1.142896e+09 1.256575e+12
5.897634e-05 5.119482e+13 5.919810e+08 -3.736540e+08 2.273372e+12
5.897684e-05 8.812787e+13 1.487152e+09 -7.739939e+08 3.365514e+12
5.897734e-05 1.323324e+14 1.360203e+09 -5.307618e+08 3.362214e+12
5.897784e-05 1.725949e+14 1.023678e+09 -4.297952e+08 2.794406e+12
5.897834e-05 2.048718e+14 6.952509e+08 -3.381134e+08 2.165320e+12
5.897884e-05 2.296037e+14 4.590656e+08 -2.522611e+08 1.644620e+12
5.897934e-05 2.483813e+14 3.052172e+08 -1.835899e+08 1.250749e+12
5.897984e-05 2.627222e+14 2.071141e+08 -1.331135e+08 9.608265e+11
5.898034e-05 2.738047e+14 1.439964e+08 -9.722085e+07 7.479684e+11
5.898084e-05 2.824882e+14 1.025559e+08 -7.187680e+07 5.904532e+11
5.898134e-05 2.893864e+14 7.471628e+07 -5.390220e+07 4.725211e+11
5.898184e-05 2.949399e+14 5.556935e+07 -4.101370e+07 3.830282e+11
5.898234e-05 2.994660e+14 4.210952e+07 -3.165129e+07 3.142008e+11
5.898284e-05 3.031973e+14 3.244744e+07 -2.475276e+07 2.605577e+11
5.898334e-05 3.063057e+14 2.538028e+07 -1.959900e+07 2.182288e+11
5.898384e-05 3.089196e+14 2.012232e+07 -1.569725e+07 1.844405e+11
5.898434e-05 3.111368e+14 1.614936e+07 -1.270601e+07 1.571795e+11
5.898484e-05 3.130325e+14 1.310476e+07 -1.038559e+07 1.349661e+11
5.898534e-05 3.146651e+14 1.074143e+07 -8.565628e+06 1.166996e+11
5.898584e-05 3.160817e+14 8.885302e+06 -7.123511e+06 1.015515e+11
5.898634e-05 3.173175e+14 7.411716e+06 -5.969801e+06 8.889026e+10
5.898684e-05 3.184017e+14 6.230222e+06 -5.038592e+06 7.823059e+10
5.898734e-05 3.193577e+14 5.274266e+06 -4.280739e+06 6.919554e+10
5.898784e-05 3.202049e+14 4.494268e+06 -3.659202e+06 6.148948e+10
5.898834e-05 3.209588e+14 3.852872e+06 -3.145784e+06 5.487854e+10
5.898884e-05 3.216327e+14 3.321625e+06 -2.718819e+06 4.917621e+10
5.898934e-05 3.222372e+14 2.878644e+06 -2.361511e+06 4.423256e+10
5.898984e-05 3.227815e+14 2.506944e+06 -2.060728e+06 3.992624e+10
5.899034e-05 3.232733e+14 2.193221e+06 -1.806123e+06 3.615830e+10
5.899084e-05 3.237189e+14 1.926977e+06 -1.589483e+06 3.284761e+10
5.899134e-05 3.241239e+14 1.699861e+06 -1.404240e+06 2.992718e+10
5.899184e-05 3.244930e+14 1.505181e+06 -1.245110e+06 2.734140e+10
5.899234e-05 3.248302e+14 1.337544e+06 -1.107815e+06 2.504388e+10
5.899284e-05 3.251389e+14 1.192571e+06 -9.888675e+05 2.299570e+10
5.899334e-05 3.254221e+14 1.066689e+06 -8.854130e+05 2.116407e+10
5.899384e-05 3.256824e+14 9.569725e+05 -7.951072e+05 1.952140e+10
5.899435e-05 3.259226e+14 8.609875e+05 -7.159930e+05 1.804385e+10
5.899485e-05 3.261447e+14 7.767251e+05 -6.464513e+05 1.671124e+10
5.899535e-05 3.263503e+14 7.025105e+05 -5.851289e+05 1.550628e+10
5.899635e-05 3.267184e+14 5.788379e+05 -4.827777e+05 1.342181e+10
5.895633e-05 3.267261e+14 5.049147e+04 -2.783934e+03 1.906718e+10
5.895683e-05 3.264836e+14 5.616208e+04 -3.124734e+03 2.064567e+10
5.895734e-05 3.262211e+14 6.264960e+04 -3.519740e+03 2.240263e+10
5.895784e-05 3.259364e+14 7.009901e+04 -3.979690e+03 2.436389e+10
5.895834e-05 3.256270e+14 7.868612e+04 -4.517889e+03 2.655989e+10
5.895884e-05 3.252892e+14 8.862627e+04 -5.151008e+03 2.902698e+10
5.895934e-05 3.249197e+14 1.001816e+05 -5.899880e+03 3.180774e+10
5.895984e-05 3.245143e+14 1.136763e+05 -6.790944e+03 3.495334e+10
5.896034e-05 3.240685e+14 1.295128e+05 -7.857968e+03 3.852525e+10
5.896084e-05 3.235766e+14 1.481941e+05 -9.144454e+03 4.259774e+10
5.896134e-05 3.230322e+14 1.703530e+05 -1.070696e+04 4.726103e+10
5.896184e-05 3.224274e+14 1.967920e+05 -1.261977e+04 5.262539e+10
5.896234e-05 3.217531e+14 2.285371e+05 -1.498148e+04 5.882655e+10
5.896284e-05 3.209981e+14 2.669107e+05 -1.792446e+04 6.603269e+10
5.896334e-05 3.201493e+14 3.136335e+05 -2.162866e+04 7.445380e+10
5.896384e-05 3.191903e+14 3.709663e+05 -2.634196e+04 8.435414e+10
5.896434e-05 3.181014e+14 4.419103e+05 -3.241074e+04 9.606912e+10
5.896484e-05 3.168583e+14 5.304952e+05 -4.032664e+04 1.100283e+11
5.896534e-05 3.154306e+14 6.421964e+05 -5.079925e+04 1.267872e+11
5.896584e-05 3.137806e+14 7.845501e+05 -6.487165e+04 1.470714e+11
5.896634e-05 3.118600e+14 9.680729e+05 -8.410773e+04 1.718394e+11
5.896684e-05 3.096088e+14 1.207666e+06 -1.109037e+05 2.023730e+11
5.896734e-05 3.069461e+14 1.524754e+06 -1.490170e+05 2.404038e+11
5.896784e-05 3.037679e+14 1.950678e+06 -2.044913e+05 2.883043e+11
5.896834e-05 2.999361e+14 2.532065e+06 -2.873175e+05 3.493661e+11
5.896884e-05 2.952654e+14 3.339707e+06 -4.143232e+05 4.282212e+11
5.896934e-05 2.895033e+14 4.482270e+06 -6.161148e+05 5.314581e+11
5.896984e-05 2.823010e+14 6.130798e+06 -9.461566e+05 6.685593e+11
5.897034e-05 2.731739e+14 8.549866e+06 -1.505439e+06 8.530080e+11
5.897084e-05 2.614387e+14 1.215576e+07 -2.485185e+06 1.104150e+12
5.897134e-05 2.461373e+14 1.756476e+07 -4.245993e+06 1.448213e+12
5.897184e-05 2.259610e+14 2.556643e+07 -7.415152e+06 1.916202e+12
5.897234e-05 1.992705e+14 3.675119e+07 -1.275677e+07 2.527998e+12
5.897284e-05 1.645458e+14 5.054016e+07 -1.968775e+07 3.234475e+12
5.897334e-05 1.221579e+14 6.576443e+07 -2.189335e+07 3.757503e+12
5.897384e-05 7.826863e+13 9.058307e+07 -1.006879e+07 3.508202e+12
5.897434e-05 4.163480e+13 1.176510e+08 1.000065e+07 1.533887e+12
5.897484e-05 2.283994e+13 8.565879e+06 -6.524296e+06 6.975926e+11
5.897534e-05 2.106806e+13 -1.534995e+07 -1.912117e+06 -1.968163e+11
5.897584e-05 3.495155e+13 2.107579e+08 -2.631251e+07 -2.148382e+12
5.897634e-05 6.366010e+13 1.288631e+08 -1.650378e+07 -3.408553e+12
5.897684e-05 1.056367e+14 7.231041e+07 -1.942773e+07 -3.781241e+12
5.897734e-05 1.497198e+14 5.590872e+07 -2.162132e+07 -3.474468e+12
5.897784e-05 1.875022e+14 4.159957e+07 -1.527393e+07 -2.783329e+12
5.897834e-05 2.169998e+14 2.929115e+07 -9.092609e+06 -2.123735e+12
5.897884e-05 2.393579e+14 2.015284e+07 -5.201311e+06 -1.603513e+12
5.897934e-05 2.562680e+14 1.388759e+07 -3.012635e+06 -1.217579e+12
5.897984e-05 2.691745e+14 9.703519e+06 -1.800714e+06 -9.357715e+11
5.898034e-05 2.791574e+14 6.907295e+06 -1.116496e+06 -7.294719e+11
5.898084e-05 2.869914e+14 5.014132e+06 -7.178137e+05 -5.768759e+11
5.898134e-05 2.932262e+14 3.949818e+06 -5.742544e+05 -4.627353e+11
5.898184e-05 2.982546e+14 2.812702e+06 -3.366111e+05 -3.756652e+11
5.898234e-05 3.023605e+14 2.141087e+06 -2.307534e+05 -3.087083e+11
5.898284e-05 3.057512e+14 1.664828e+06 -1.667419e+05 -2.564449e+11
5.898334e-05 3.085805e+14 1.312324e+06 -1.231630e+05 -2.151312e+11
5.898384e-05 3.109632e+14 1.047397e+06 -9.277646e+04 -1.820960e+11
5.898434e-05 3.129885e+14 8.454693e+05 -7.112543e+04 -1.553989e+11
5.898484e-05 3.147228e+14 6.895506e+05 -5.539341e+04 -1.336107e+11
5.898534e-05 3.162185e+14 5.677161e+05 -4.375757e+04 -1.156667e+11
5.898584e-05 3.175168e+14 4.714670e+05 -3.501157e+04 -1.007646e+11
5.898634e-05 3.186506e+14 3.946593e+05 -2.834057e+04 -8.829265e+10
5.898684e-05 3.196462e+14 3.327923e+05 -2.318374e+04 -7.777940e+10
5.898734e-05 3.205249e+14 2.825283e+05 -1.914830e+04 -6.885816e+10
5.898784e-05 3.213042e+14 2.413637e+05 -1.595477e+04 -6.124091e+10
5.898834e-05 3.219983e+14 2.073999e+05 -1.340129e+04 -5.469949e+10
5.898884e-05 3.226190e+14 1.791829e+05 -1.134008e+04 -4.905172e+10
5.898934e-05 3.231763e+14 1.555886e+05 -9.661579e+03 -4.415095e+10
5.898984e-05 3.236783e+14 1.357404e+05 -8.283571e+03 -3.987834e+10
5.899034e-05 3.241321e+14 1.189489e+05 -7.143701e+03 -3.613690e+10
5.899084e-05 3.245434e+14 1.046679e+05 -6.194184e+03 -3.284698e+10
5.899134e-05 3.249174e+14 9.246134e+04 -5.398049e+03 -2.994278e+10
5.899184e-05 3.252582e+14 8.197883e+04 -4.726436e+03 -2.736961e+10
5.899234e-05 3.255694e+14 7.293770e+04 -4.156677e+03 -2.508207e+10
5.899284e-05 3.258546e+14 6.510661e+04 -3.670706e+03 -2.304159e+10
5.899334e-05 3.261168e+14 5.829660e+04 -3.254108e+03 -2.121576e+10
5.899384e-05 3.263583e+14 5.235231e+04 -2.895294e+03 -1.957719e+10
5.899435e-05 3.265811e+14 4.714523e+04 -2.584874e+03 -1.810255e+10
5.899485e-05 3.267871e+14 4.256853e+04 -2.315197e+03 -1.677190e+10
5.899535e-05 3.269779e+14 3.853296e+04 -2.079986e+03 -1.556814e+10
5.899635e-05 3.273194e+14 3.179757e+04 -1.693155e+03 -1.348437e+10
5.895633e-05 3.264230e+14 2.203326e+06 1.301281e+06 7.462205e+10
5.895683e-05 3.261773e+14 2.453124e+06 1.442459e+06 8.079963e+10
5.895734e-05 3.259114e+14 2.739286e+06 1.603053e+06 8.767563e+10
5.895784e-05 3.256230e+14 3.068335e+06 1.786304e+06 9.535119e+10
5.895834e-05 3.253093e+14 3.448213e+06 1.996097e+06 1.039459e+11
5.895884e-05 3.249668e+14 3.888617e+06 2.237095e+06 1.136012e+11
5.895934e-05 3.245922e+14 4.401412e+06 2.514892e+06 1.244839e+11
5.895984e-05 3.241813e+14 5.001294e+06 2.836278e+06 1.367944e+11
5.896034e-05 3.237294e+14 5.706530e+06 3.209499e+06 1.507733e+11
5.896084e-05 3.232308e+14 6.539985e+06 3.644609e+06 1.667113e+11
5.896134e-05 3.226789e+14 7.530467e+06 4.153917e+06 1.849613e+11
5.896184e-05 3.220658e+14 8.714546e+06 4.752538e+06 2.059550e+11
5.896234e-05 3.213822e+14 1.013899e+07 5.459099e+06 2.302234e+11
5.896284e-05 3.206168e+14 1.186409e+07 6.296611e+06 2.584246e+11
5.896334e-05 3.197562e+14 1.396821e+07 7.293551e+06 2.913805e+11
5.896384e-05 3.187839e+14 1.655408e+07 8.485184e+06 3.301251e+11
5.896434e-05 3.176798e+14 1.975756e+07 9.915130e+06 3.759707e+11
5.896484e-05 3.164192e+14 2.375987e+07 1.163714e+07 4.305983e+11
5.896534e-05 3.149715e+14 2.880493e+07 1.371696e+07 4.961811e+11
5.896584e-05 3.132980e+14 3.522364e+07 1.623395e+07 5.755581e+11
5.896634e-05 3.113509e+14 4.346835e+07 1.928196e+07 6.724814e+11
5.896684e-05 3.090673e+14 5.416048e+07 2.296804e+07 7.919615e+11
5.896734e-05 3.063659e+14 6.815546e+07 2.740807e+07 9.407715e+11
5.896784e-05 3.031411e+14 8.662778e+07 3.271890e+07 1.128188e+12
5.896834e-05 2.992527e+14 1.111737e+08 3.900957e+07 1.367079e+12
5.896884e-05 2.945125e+14 1.437792e+08 4.655883e+07 1.675597e+12
5.896934e-05 2.886632e+14 1.876097e+08 5.527358e+07 2.079624e+12
5.896984e-05 2.813520e+14 2.446681e+08 6.640456e+07 2.615645e+12
5.897034e-05 2.720857e+14 3.213510e+08 8.505836e+07 3.336133e+12
5.897084e-05 2.601722e+14 4.223579e+08 1.220476e+08 4.316761e+12
5.897134e-05 2.446434e+14 5.664810e+08 2.061814e+08 5.658286e+12
5.897184e-05 2.241861e+14 8.041179e+08 3.864793e+08 7.478115e+12
5.897234e-05 1.971840e+14 1.234554e+09 7.142814e+08 9.844022e+12
5.897284e-05 1.622294e+14 1.964294e+09 1.223964e+09 1.254030e+13
5.897334e-05 1.200165e+14 2.991350e+09 1.930211e+09 1.444203e+13
5.897384e-05 7.691785e+13 4.415822e+09 2.927027e+09 1.337633e+13
5.897434e-05 4.391669e+13 9.869128e+09 2.775148e+09 8.119255e+12
5.897484e-05 2.099839e+13 1.424458e+09 -8.575797e+08 3.975862e+12
5.897534e-05 1.761702e+13 -5.942999e+08 -1.230309e+09 -1.312789e+12
5.897584e-05 3.325582e+13 9.206427e+09 1.927541e+09 -8.491941e+12
5.897634e-05 6.218297e+13 6.311745e+09 3.709106e+09 -1.287560e+13
5.897684e-05 1.036863e+14 3.405795e+09 2.233182e+09 -1.446507e+13
5.897734e-05 1.473316e+14 2.315308e+09 1.461802e+09 -1.344070e+13
5.897784e-05 1.852596e+14 1.464368e+09 8.795319e+08 -1.082873e+13
5.897834e-05 2.150720e+14 9.337658e+08 4.879207e+08 -8.286187e+12
5.897884e-05 2.377373e+14 6.387890e+08 2.583028e+08 -6.265549e+12
5.897934e-05 2.549018e+14 4.686464e+08 1.452935e+08 -4.761242e+12
5.897984e-05 2.680089e+14 3.549901e+08 9.541619e+07 -3.660830e+12
5.898034e-05 2.781480e+14 2.704513e+08 7.172786e+07 -2.854618e+12
5.898084e-05 2.861040e+14 2.066983e+08 5.962639e+07 -2.258138e+12
5.898134e-05 2.924351e+14 1.584997e+08 4.945029e+07 -1.810526e+12
5.898184e-05 2.975405e+14 1.220665e+08 4.158111e+07 -1.470356e+12
5.898234e-05 3.017085e+14 9.478999e+07 3.489817e+07 -1.208369e+12
5.898284e-05 3.051502e+14 7.430090e+07 2.923847e+07 -1.003813e+12
5.898334e-05 3.080215e+14 5.882123e+07 2.449170e+07 -8.421045e+11
5.898384e-05 3.104395e+14 4.703395e+07 2.054257e+07 -7.127948e+11
5.898434e-05 3.124933e+14 3.797693e+07 1.727364e+07 -6.082900e+11
5.898484e-05 3.142528e+14 3.095136e+07 1.457390e+07 -5.230022e+11
5.898534e-05 3.157701e+14 2.544893e+07 1.234419e+07 -4.527619e+11
5.898584e-05 3.170870e+14 2.109879e+07 1.049982e+07 -3.944286e+11
5.898634e-05 3.182369e+14 1.762838e+07 8.970187e+06 -3.456076e+11
5.898684e-05 3.192467e+14 1.483579e+07 7.697311e+06 -3.044540e+11
5.898734e-05 3.201379e+14 1.257018e+07 6.634055e+06 -2.695323e+11
5.898784e-05 3.209281e+14 1.071786e+07 5.742271e+06 -2.397151e+11
5.898834e-05 3.216320e+14 9.192383e+06 4.991153e+06 -2.141093e+11
5.898884e-05 3.222615e+14 7.927456e+06 4.355818e+06 -1.920016e+11
5.898934e-05 3.228266e+14 6.871808e+06 3.816144e+06 -1.728181e+11
5.898984e-05 3.233356e+14 5.985467e+06 3.355817e+06 -1.560935e+11
5.899034e-05 3.237958e+14 5.237030e+06 2.961571e+06 -1.414481e+11
5.899084e-05 3.242129e+14 4.601645e+06 2.622585e+06 -1.285703e+11
5.899134e-05 3.245921e+14 4.059501e+06 2.329995e+06 -1.172023e+11
5.899184e-05 3.249378e+14 3.594704e+06 2.076518e+06 -1.071302e+11
5.899234e-05 3.252534e+14 3.194433e+06 1.856148e+06 -9.817545e+10
5.899284e-05 3.255426e+14 2.848274e+06 1.663913e+06 -9.018845e+10
5.899334e-05 3.258083e+14 2.547680e+06 1.495654e+06 -8.304170e+10
5.899384e-05 3.260531e+14 2.285654e+06 1.347916e+06 -7.662791e+10
5.899435e-05 3.262789e+14 2.056419e+06 1.217800e+06 -7.085580e+10
5.899485e-05 3.264878e+14 1.855179e+06 1.102870e+06 -6.564732e+10
5.899535e-05 3.266812e+14 1.677937e+06 1.001068e+06 -6.093554e+10
5.899635e-05 3.270274e+14 1.382583e+06 8.301407e+05 -5.277924e+10
5.895633e-05 3.264230e+14 2.203326e+06 1.301281e+06 7.462205e+10
5.895683e-05 3.261773e+14 2.453124e+06 1.442459e+06 8.079963e+10
5.895734e-05 3.259114e+14 2.739286e+06 1.603053e+06 8.767563e+10
5.895784e-05 3.256230e+14 3.068335e+06 1.786304e+06 9.535119e+10
5.895834e-05 3.253093e+14 3.448213e+06 1.996097e+06 1.039459e+11
5.895884e-05 3.249668e+14 3.888617e+06 2.237095e+06 1.136012e+11
5.895934e-05 3.245922e+14 4.401412e+06 2.514892e+06 1.244839e+11
5.895984e-05 3.241813e+14 5.001294e+06 2.836278e+06 1.367944e+11
5.896034e-05 3.237294e+14 5.706530e+06 3.209499e+06 1.507733e+11
5.896084e-05 3.232308e+14 6.539985e+06 3.644609e+06 1.667113e+11
5.896134e-05 3.226789e+14 7.530467e+06 4.153917e+06 1.849613e+11
5.896184e-05 3.220658e+14 8.714546e+06 4.752538e+06 2.059550e+11
5.896234e-05 3.213822e+14 1.013899e+07 5.459099e+06 2.302234e+11
5.896284e-05 3.206168e+14 1.186409e+07 6.296611e+06 2.584246e+11
5.896334e-05 3.197562e+14 1.396821e+07 7.293551e+06 2.913805e+11
5.896384e-05 3.187839e+14 1.655408e+07 8.485184e+06 3.301251e+11
5.896434e-05 3.176798e+14 1.975756e+07 9.915130e+06 3.759707e+11
5.896484e-05 3.164192e+14 2.375987e+07 1.163714e+07 4.305983e+11
5.896534e-05 3.149715e+14 2.880493e+07 1.371696e+07 4.961811e+11
5.896584e-05 3.132980e+14 3.522364e+07 1.623395e+07 5.755581e+11
5.896634e-05 3.113509e+14 4.346835e+07 1.928196e+07 6.724814e+11
5.896684e-05 3.090673e+14 5.416048e+07 2.296804e+07 7.919615e+11
5.896734e-05 3.063659e+14 6.815546e+07 2.740807e+07 9.407715e+11
5.896784e-05 3.031411e+14 8.662778e+07 3.271890e+07 1.128188e+12
5.896834e-05 2.992527e+14 1.111737e+08 3.900957e+07 1.367079e+12
5.896884e-05 2.945125e+14 1.437792e+08 4.655883e+07 1.675597e+12
5.896934e-05 2.886632e+14 1.876097e+08 5.527358e+07 2.079624e+12
5.896984e-05 2.813520e+14 2.446681e+08 6.640456e+07 2.615645e+12
5.897034e-05 2.720857e+14 3.213510e+08 8.505836e+07 3.336133e+12
5.897084e-05 2.601722e+14 4.223579e+08 1.220476e+08 4.316761e+12
5.897134e-05 2.446434e+14 5.664810e+08 2.061814e+08 5.658286e+12
5.897184e-05 2.241861e+14 8.041179e+08 3.864793e+08 7.478115e+12
5.897234e-05 1.971840e+14 1.234554e+09 7.142814e+08 9.844022e+12
5.897284e-05 1.622294e+14 1.964294e+09 1.223964e+09 1.254030e+13
5.897334e-05 1.200165e+14 2.991350e+09 1.930211e+09 1.444203e+13
5.897384e-05 7.691785e+13 4.415822e+09 2.927027e+09 1.337633e+13
5.897434e-05 4.391669e+13 9.869128e+09 2.775148e+09 8.119255e+12
5.897484e-05 2.099839e+13 1.424458e+09 -8.575797e+08 3.975862e+12
5.897534e-05 1.761702e+13 -5.942999e+08 -1.230309e+09 -1.312789e+12
5.897584e-05 3.325582e+13 9.206427e+09 1.927541e+09 -8.491941e+12
5.897634e-05 6.218297e+13 6.311745e+09 3.709106e+09 -1.287560e+13
5.897684e-05 1.036863e+14 3.405795e+09 2.233182e+09 -1.446507e+13
5.897734e-05 1.473316e+14 2.315308e+09 1.461802e+09 -1.344070e+13
5.897784e-05 1.852596e+14 1.464368e+09 8.795319e+08 -1.082873e+13
5.897834e-05 2.150720e+14 9.337658e+08 4.879207e+08 -8.286187e+12
5.897884e-05 2.377373e+14 6.387890e+08 2.583028e+08 -6.265549e+12
5.897934e-05 2.549018e+14 4.686464e+08 1.452935e+08 -4.761242e+12
5.897984e-05 2.680089e+14 3.549901e+08 9.541619e+07 -3.660830e+12
5.898034e-05 2.781480e+14 2.704513e+08 7.172786e+07 -2.854618e+12
5.898084e-05 2.861040e+14 2.066983e+08 5.962639e+07 -2.258138e+12
5.898134e-05 2.924351e+14 1.584997e+08 4.945029e+07 -1.810526e+12
5.898184e-05 2.975405e+14 1.220665e+08 4.158111e+07 -1.470356e+12
5.898234e-05 3.017085e+14 9.478999e+07 3.489817e+07 -1.208369e+12
5.898284e-05 3.051502e+14 7.430090e+07 2.923847e+07 -1.003813e+12
5.898334e-05 3.080215e+14 5.882123e+07 2.449170e+07 -8.421045e+11
5.898384e-05 3.104395e+14 4.703395e+07 2.054257e+07 -7.127948e+11
5.898434e-05 3.124933e+14 3.797693e+07 1.727364e+07 -6.082900e+11
5.898484e-05 3.142528e+14 3.095136e+07 1.457390e+07 -5.230022e+11
5.898534e-05 3.157701e+14 2.544893e+07 1.234419e+07 -4.527619e+11
5.898584e-05 3.170870e+14 2.109879e+07 1.049982e+07 -3.944286e+11
5.898634e-05 3.182369e+14 1.762838e+07 8.970187e+06 -3.456076e+11
5.898684e-05 3.192467e+14 1.483579e+07 7.697311e+06 -3.044540e+11
5.898734e-05 3.201379e+14 1.257018e+07 6.634055e+06 -2.695323e+11
5.898784e-05 3.209281e+14 1.071786e+07 5.742271e+06 -2.397151e+11
5.898834e-05 3.216320e+14 9.192383e+06 4.991153e+06 -2.141093e+11
5.898884e-05 3.222615e+14 7.927456e+06 4.355818e+06 -1.920016e+11
5.898934e-05 3.228266e+14 6.871808e+06 3.816144e+06 -1.728181e+11
5.898984e-05 3.233356e+14 5.985467e+06 3.355817e+06 -1.560935e+11
5.899034e-05 3.237958e+14 5.237030e+06 2.961571e+06 -1.414481e+11
5.899084e-05 3.242129e+14 4.601645e+06 2.622585e+06 -1.285703e+11
5.899134e-05 3.245921e+14 4.059501e+06 2.329995e+06 -1.172023e+11
5.899184e-05 3.249378e+14 3.594704e+06 2.076518e+06 -1.071302e+11
5.899234e-05 3.252534e+14 3.194433e+06 1.856148e+06 -9.817545e+10
5.899284e-05 3.255426e+14 2.848274e+06 1.663913e+06 -9.018845e+10
5.899334e-05 3.258083e+14 2.547680e+06 1.495654e+06 -8.304170e+10
5.899384e-05 3.260531e+14 2.285654e+06 1.347916e+06 -7.662791e+10
5.899435e-05 3.262789e+14 2.056419e+06 1.217800e+06 -7.085580e+10
5.899485e-05 3.264878e+14 1.855179e+06 1.102870e+06 -6.564732e+10
5.899535e-05 3.266812e+14 1.677937e+06 1.001068e+06 -6.093554e+10
5.899635e-05 3.270274e+14 1.382583e+06 8.301407e+05 -5.277924e+10
5.895633e-05 3.264230e+14 2.203326e+06 1.301281e+06 7.462205e+10
5.895683e-05 3.261773e+14 2.453124e+06 1.442459e+06 8.079963e+10
5.895734e-05 3.259114e+14 2.739286e+06 1.603053e+06 8.767563e+10
5.895784e-05 3.256230e+14 3.068335e+06 1.786304e+06 9.535119e+10
5.895834e-05 3.253093e+14 3.448213e+06 1.996097e+06 1.039459e+11
5.895884e-05 3.249668e+14 3.888617e+06 2.237095e+06 1.136012e+11
5.895934e-05 3.245922e+14 4.401412e+06 2.514892e+06 1.244839e+11
5.895984e-05 3.241813e+14 5.001294e+06 2.836278e+06 1.367944e+11
5.896034e-05 3.237294e+14 5.706530e+06 3.209499e+06 1.507733e+11
5.896084e-05 3.232308e+14 6.539985e+06 3.644609e+06 1.667113e+11
5.896134e-05 3.226789e+14 7.530467e+06 4.153917e+06 1.849613e+11
5.896184e-05 3.220658e+14 8.714546e+06 4.752538e+06 2.059550e+11
5.896234e-05 3.213822e+14 1.013899e+07 5.459099e+06 2.302234e+11
5.896284e-05 3.206168e+14 1.186409e+07 6.296611e+06 2.584246e+11
5.896334e-05 3.197562e+14 1.396821e+07 7.293551e+06 2.913805e+11
5.896384e-05 3.187839e+14 1.655408e+07 8.485184e+06 3.301251e+11
5.896434e-05 3.176798e+14 1.975756e+07 9.915130e+06 3.759707e+11
5.896484e-05 3.164192e+14 2.375987e+07 1.163714e+07 4.305983e+11
5.896534e-05 3.149715e+14 2.880493e+07 1.371696e+07 4.961811e+11
5.896584e-05 3.132980e+14 3.522364e+07 1.623395e+07 5.755581e+11
5.896634e-05 3.113509e+14 4.346835e+07 1.928196e+07 6.724814e+11
5.896684e-05 3.090673e+14 5.416048e+07 2.296804e+07 7.919615e+11
5.896734e-05 3.063659e+14 6.815546e+07 2.740807e+07 9.407715e+11
5.896784e-05 3.031411e+14 8.662778e+07 3.271890e+07 1.128188e+12
5.896834e-05 2.992527e+14 1.111737e+08 3.900957e+07 1.367079e+12
5.896884e-05 2.945125e+14 1.437792e+08 4.655883e+07 1.675597e+12
5.896934e-05 2.886632e+14 1.876097e+08 5.527358e+07 2.079624e+12
5.896984e-05 2.813520e+14 2.446681e+08 6.640456e+07 2.615645e+12
5.897034e-05 2.720857e+14 3.213510e+08 8.505836e+07 3.336133e+12
5.897084e-05 2.601722e+14 4.223579e+08 1.220476e+08 4.316761e+12
5.897134e-05 2.446434e+14 5.664810e+08 2.061814e+08 5.658286e+12
5.897184e-05 2.241861e+14 8.041179e+08 3.864793e+08 7.478115e+12
5.897234e-05 1.971840e+14 1.234554e+09 7.142814e+08 9.844022e+12
5.897284e-05 1.622294e+14 1.964294e+09 1.223964e+09 1.254030e+13
5.897334e-05 1.200165e+14 2.991350e+09 1.930211e+09 1.444203e+13
5.897384e-05 7.691785e+13 4.415822e+09 2.927027e+09 1.337633e+13
5.897434e-05 4.391669e+13 9.869128e+09 2.775148e+09 8.119255e+12
5.897484e-05 2.099839e+13 1.424458e+09 -8.575797e+08 3.975862e+12
5.897534e-05 1.761702e+13 -5.942999e+08 -1.230309e+09 -1.312789e+12
5.897584e-05 3.325582e+13 9.206427e+09 1.927541e+09 -8.491941e+12
5.897634e-05 6.218297e+13 6.311745e+09 3.709106e+09 -1.287560e+13
5.897684e-05 1.036863e+14 3.405795e+09 2.233182e+09 -1.446507e+13
5.897734e-05 1.473316e+14 2.315308e+09 1.461802e+09 -1.344070e+13
5.897784e-05 1.852596e+14 1.464368e+09 8.795319e+08 -1.082873e+13
5.897834e-05 2.150720e+14 9.337658e+08 4.879207e+08 -8.286187e+12
5.897884e-05 2.377373e+14 6.387890e+08 2.583028e+08 -6.265549e+12
5.897934e-05 2.549018e+14 4.686464e+08 1.452935e+08 -4.761242e+12
5.897984e-05 2.680089e+14 3.549901e+08 9.541619e+07 -3.660830e+12
5.898034e-05 2.781480e+14 2.704513e+08 7.172786e+07 -2.854618e+12
5.898084e-05 2.861040e+14 2.066983e+08 5.962639e+07 -2.258138e+12
5.898134e-05 2.924351e+14 1.584997e+08 4.945029e+07 -1.810526e+12
5.898184e-05 2.975405e+14 1.220665e+08 4.158111e+07 -1.470356e+12
5.898234e-05 3.017085e+14 9.478999e+07 3.489817e+07 -1.208369e+12
5.898284e-05 3.051502e+14 7.430090e+07 2.923847e+07 -1.003813e+12
5.898334e-05 3.080215e+14 5.882123e+07 2.449170e+07 -8.421045e+11
5.898384e-05 3.104395e+14 4.703395e+07 2.054257e+07 -7.127948e+11
5.898434e-05 3.124933e+14 3.797693e+07 1.727364e+07 -6.082900e+11
5.898484e-05 3.142528e+14 3.095136e+07 1.457390e+07 -5.230022e+11
5.898534e-05 3.157701e+14 2.544893e+07 1.234419e+07 -4.527619e+11
5.898584e-05 3.170870e+14 2.109879e+07 1.049982e+07 -3.944286e+11
5.898634e-05 3.182369e+14 1.762838e+07 8.970187e+06 -3.456076e+11
5.898684e-05 3.192467e+14 1.483579e+07 7.697311e+06 -3.044540e+11
5.898734e-05 3.201379e+14 1.257018e+07 6.634055e+06 -2.695323e+11
5.898784e-05 3.209281e+14 1.071786e+07 5.742271e+06 -2.397151e+11
5.898834e-05 3.216320e+14 9.192383e+06 4.991153e+06 -2.141093e+11
5.898884e-05 3.222615e+14 7.927456e+06 4.355818e+06 -1.920016e+11
5.898934e-05 3.228266e+14 6.871808e+06 3.816144e+06 -1.728181e+11
5.898984e-05 3.233356e+14 5.985467e+06 3.355817e+06 -1.560935e+11
5.899034e-05 3.237958e+14 5.237030e+06 2.961571e+06 -1.414481e+11
5.899084e-05 3.242129e+14 4.601645e+06 2.622585e+06 -1.285703e+11
5.899134e-05 3.245921e+14 4.059501e+06 2.329995e+06 -1.172023e+11
5.899184e-05 3.249378e+14 3.594704e+06 2.076518e+06 -1.071302e+11
5.899234e-05 3.252534e+14 3.194433e+06 1.856148e+06 -9.817545e+10
5.899284e-05 3.255426e+14 2.848274e+06 1.663913e+06 -9.018845e+10
5.899334e-05 3.258083e+14 2.547680e+06 1.495654e+06 -8.304170e+10
5.899384e-05 3.260531e+14 2.285654e+06 1.347916e+06 -7.662791e+10
5.899435e-05 3.262789e+14 2.056419e+06 1.217800e+06 -7.085580e+10
5.899485e-05 3.264878e+14 1.855179e+06 1.102870e+06 -6.564732e+10
5.899535e-05 3.266812e+14 1.677937e+06 1.001068e+06 -6.093554e+10
5.899635e-05 3.270274e+14 1.382583e+06 8.301407e+05 -5.277924e+10
5.895633e-05 3.264230e+14 2.203326e+06 1.301281e+06 7.462205e+10
5.895683e-05 3.261773e+14 2.453124e+06 1.442459e+06 8.079963e+10
5.895734e-05 3.259114e+14 2.739286e+06 1.603053e+06 8.767563e+10
5.895784e-05 3.256230e+14 3.068335e+06 1.786304e+06 9.535119e+10
5.895834e-05 3.253093e+14 3.448213e+06 1.996097e+06 1.039459e+11
5.895884e-05 3.249668e+14 3.888617e+06 2.237095e+06 1.136012e+11
5.895934e-05 3.245922e+14 4.401412e+06 2.514892e+06 1.244839e+11
5.895984e-05 3.241813e+14 5.001294e+06 2.836278e+06 1.367944e+11
5.896034e-05 3.237294e+14 5.706530e+06 3.209499e+06 1.507733e+11
5.896084e-05 3.232308e+14 6.539985e+06 3.644609e+06 1.667113e+11
5.896134e-05 3.226789e+14 7.530467e+06 4.153917e+06 1.849613e+11
5.896184e-05 3.220658e+14 8.714546e+06 4.752538e+06 2.059550e+11
5.896234e-05 3.213822e+14 1.013899e+07 5.459099e+06 2.302234e+11
5.896284e-05 3.206168e+14 1.186409e+07 6.296611e+06 2.584246e+11
5.896334e-05 3.197562e+14 1.396821e+07 7.293551e+06 2.913805e+11
5.896384e-05 3.187839e+14 1.655408e+07 8.485184e+06 3.301251e+11
5.896434e-05 3.176798e+14 1.975756e+07 9.915130e+06 3.759707e+11
5.896484e-05 3.164192e+14 2.375987e+07 1.163714e+07 4.305983e+11
5.896534e-05 3.149715e+14 2.880493e+07 1.371696e+07 4.961811e+11
5.896584e-05 3.132980e+14 3.522364e+07 1.623395e+07 5.755581e+11
5.896634e-05 3.113509e+14 4.346835e+07 1.928196e+07 6.724814e+11
5.896684e-05 3.090673e+14 5.416048e+07 2.296804e+07 7.919615e+11
5.896734e-05 3.063659e+14 6.815546e+07 2.740807e+07 9.407715e+11
5.896784e-05 3.031411e+14 8.662778e+07 3.271890e+07 1.128188e+12
5.896834e-05 2.992527e+14 1.111737e+08 3.900957e+07 1.367079e+12
5.896884e-05 2.945125e+14 1.437792e+08 4.655883e+07 1.675597e+12
5.896934e-05 2.886632e+14 1.876097e+08 5.527358e+07 2.079624e+12
5.896984e-05 2.813520e+14 2.446681e+08 6.640456e+07 2.615645e+12
5.897034e-05 2.720857e+14 3.213510e+08 8.505836e+07 3.336133e+12
5.897084e-05 2.601722e+14 4.223579e+08 1.220476e+08 4.316761e+12
5.897134e-05 2.446434e+14 5.664810e+08 2.061814e+08 5.658286e+12
5.897184e-05 2.241861e+14 8.041179e+08 3.864793e+08 7.478115e+12
5.897234e-05 1.971840e+14 1.234554e+09 7.142814e+08 9.844022e+12
5.897284e-05 1.622294e+14 1.964294e+09 1.223964e+09 1.254030e+13
5.897334e-05 1.200165e+14 2.991350e+09 1.930211e+09 1.444203e+13
5.897384e-05 7.691785e+13 4.415822e+09 2.927027e+09 1.337633e+13
5.897434e-05 4.391669e+13 9.869128e+09 2.775148e+09 8.119255e+12
5.897484e-05 2.099839e+13 1.424458e+09 -8.575797e+08 3.975862e+12
5.897534e-05 1.761702e+13 -5.942999e+08 -1.230309e+09 -1.312789e+12
5.897584e-05 3.325582e+13 9.206427e+09 1.927541e+09 -8.491941e+12
5.897634e-05 6.218297e+13 6.311745e+09 3.709106e+09 -1.287560e+13
5.897684e-05 1.036863e+14 3.405795e+09 2.233182e+09 -1.446507e+13
5.897734e-05 1.473316e+14 2.315308e+09 1.461802e+09 -1.344070e+13
5.897784e-05 1.852596e+14 1.464368e+09 8.795319e+08 -1.082873e+13
5.897834e-05 2.150720e+14 9.337658e+08 4.879207e+08 -8.286187e+12
5.897884e-05 2.377373e+14 6.387890e+08 2.583028e+08 -6.265549e+12
5.897934e-05 2.549018e+14 4.686464e+08 1.452935e+08 -4.761242e+12
5.897984e-05 2.680089e+14 3.549901e+08 9.541619e+07 -3.660830e+12
5.898034e-05 2.781480e+14 2.704513e+08 7.172786e+07 -2.854618e+12
5.898084e-05 2.861040e+14 2.066983e+08 5.962639e+07 -2.258138e+12
5.898134e-05 2.924351e+14 1.584997e+08 4.945029e+07 -1.810526e+12
5.898184e-05 2.975405e+14 1.220665e+08 4.158111e+07 -1.470356e+12
5.898234e-05 3.017085e+14 9.478999e+07 3.489817e+07 -1.208369e+12
5.898284e-05 3.051502e+14 7.430090e+07 2.923847e+07 -1.003813e+12
5.898334e-05 3.080215e+14 5.882123e+07 2.449170e+07 -8.421045e+11
5.898384e-05 3.104395e+14 4.703395e+07 2.054257e+07 -7.127948e+11
5.898434e-05 3.124933e+14 3.797693e+07 1.727364e+07 -6.082900e+11
5.898484e-05 3.142528e+14 3.095136e+07 1.457390e+07 -5.230022e+11
5.898534e-05 3.157701e+14 2.544893e+07 1.234419e+07 -4.527619e+11
5.898584e-05 3.170870e+14 2.109879e+07 1.049982e+07 -3.944286e+11
5.898634e-05 3.182369e+14 1.762838e+07 8.970187e+06 -3.456076e+11
5.898684e-05 3.192467e+14 1.483579e+07 7.697311e+06 -3.044540e+11
5.898734e-05 3.201379e+14 1.257018e+07 6.634055e+06 -2.695323e+11
5.898784e-05 3.209281e+14 1.071786e+07 5.742271e+06 -2.397151e+11
5.898834e-05 3.216320e+14 9.192383e+06 4.991153e+06 -2.141093e+11
5.898884e-05 3.222615e+14 7.927456e+06 4.355818e+06 -1.920016e+11
5.898934e-05 3.228266e+14 6.871808e+06 3.816144e+06 -1.728181e+11
5.898984e-05 3.233356e+14 5.985467e+06 3.355817e+06 -1.560935e+11
5.899034e-05 3.237958e+14 5.237030e+06 2.961571e+06 -1.414481e+11
5.899084e-05 3.242129e+14 4.601645e+06 2.622585e+06 -1.285703e+11
5.899134e-05 3.245921e+14 4.059501e+06 2.329995e+06 -1.172023e+11
5.899184e-05 3.249378e+14 3.594704e+06 2.076518e+06 -1.071302e+11
5.899234e-05 3.252534e+14 3.194433e+06 1.856148e+06 -9.817545e+10
5.899284e-05 3.255426e+14 2.848274e+06 1.663913e+06 -9.018845e+10
5.899334e-05 3.258083e+14 2.547680e+06 1.495654e+06 -8.304170e+10
5.899384e-05 3.260531e+14 2.285654e+06 1.347916e+06 -7.662791e+10
5.899435e-05 3.262789e+14 2.056419e+06 1.217800e+06 -7.085580e+10
5.899485e-05 3.264878e+14 1.855179e+06 1.102870e+06 -6.564732e+10
5.899535e-05 3.266812e+14 1.677937e+06 1.001068e+06 -6.093554e+10
5.899635e-05 3.270274e+14 1.382583e+06 8.301407e+05 -5.277924e+10
5.895633e-05 3.264230e+14 2.203326e+06 1.301281e+06 7.462205e+10
5.895683e-05 3.261773e+14 2.453124e+06 1.442459e+06 8.079963e+10
5.895734e-05 3.259114e+14 2.739286e+06 1.603053e+06 8.767563e+10
5.895784e-05 3.256230e+14 3.068335e+06 1.786304e+06 9.535119e+10
5.895834e-05 3.253093e+14 3.448213e+06 1.996097e+06 1.039459e+11
5.895884e-05 3.249668e+14 3.888617e+06 2.237095e+06 1.136012e+11
5.895934e-05 3.245922e+14 4.401412e+06 2.514892e+06 1.244839e+11
5.895984e-05 3.241813e+14 5.001294e+06 2.836278e+06 1.367944e+11
5.896034e-05 3.237294e+14 5.706530e+06 3.209499e+06 1.507733e+11
5.896084e-05 3.232308e+14 6.539985e+06 3.644609e+06 1.667113e+11
5.896134e-05 3.226789e+14 7.530467e+06 4.153917e+06 1.849613e+11
5.896184e-05 3.220658e+14 8.714546e+06 4.752538e+06 2.059550e+11
5.896234e-05 3.213822e+14 1.013899e+07 5.459099e+06 2.302234e+11
5.896284e-05 3.206168e+14 1.186409e+07 6.296611e+06 2.584246e+11
5.896334e-05 3.197562e+14 1.396821e+07 7.293551e+06 2.913805e+11
5.896384e-05 3.187839e+14 1.655408e+07 8.485184e+06 3.301251e+11
5.896434e-05 3.176798e+14 1.975756e+07 9.915130e+06 3.759707e+11
5.896484e-05 3.164192e+14 2.375987e+07 1.163714e+07 4.305983e+11
5.896534e-05 3.149715e+14 2.880493e+07 1.371696e+07 4.961811e+11
5.896584e-05 3.132980e+14 3.522364e+07 1.623395e+07 5.755581e+11
5.896634e-05 3.113509e+14 4.346835e+07 1.928196e+07 6.724814e+11
5.896684e-05 3.090673e+14 5.416048e+07 2.296804e+07 7.919615e+11
5.896734e-05 3.063659e+14 6.815546e+07 2.740807e+07 9.407715e+11
5.896784e-05 3.031411e+14 8.662778e+07 3.271890e+07 1.128188e+12
5.896834e-05 2.992527e+14 1.111737e+08 3.900957e+07 1.367079e+12
5.896884e-05 2.945125e+14 1.437792e+08 4.655883e+07 1.675597e+12
5.896934e-05 2.886632e+14 1.876097e+08 5.527358e+07 2.079624e+12
5.896984e-05 2.813520e+14 2.446681e+08 6.640456e+07 2.615645e+12
5.897034e-05 2.720857e+14 3.213510e+08 8.505836e+07 3.336133e+12
5.897084e-05 2.601722e+14 4.223579e+08 1.220476e+08 4.316761e+12
5.897134e-05 2.446434e+14 5.664810e+08 2.061814e+08 5.658286e+12
5.897184e-05 2.241861e+14 8.041179e+08 3.864793e+08 7.478115e+12
5.897234e-05 1.971840e+14 1.234554e+09 7.142814e+08 9.844022e+12
5.897284e-05 1.622294e+14 1.964294e+09 1.223964e+09 1.254030e+13
5.897334e-05 1.200165e+14 2.991350e+09 1.930211e+09 1.444203e+13
5.897384e-05 7.691785e+13 4.415822e+09 2.927027e+09 1.337633e+13
5.897434e-05 4.391669e+13 9.869128e+09 2.775148e+09 8.119255e+12
5.897484e-05 2.099839e+13 1.424458e+09 -8.575797e+08 3.975862e+12
5.897534e-05 1.761702e+13 -5.942999e+08 -1.230309e+09 -1.312789e+12
5.897584e-05 3.325582e+13 9.206427e+09 1.927541e+09 -8.491941e+12
5.897634e-05 6.218297e+13 6.311745e+09 3.709106e+09 -1.287560e+13
5.897684e-05 1.036863e+14 3.405795e+09 2.233182e+09 -1.446507e+13
5.897734e-05 1.473316e+14 2.315308e+09 1.461802e+09 -1.344070e+13
5.897784e-05 1.852596e+14 1.464368e+09 8.795319e+08 -1.082873e+13
5.897834e-05 2.150720e+14 9.337658e+08 4.879207e+08 -8.286187e+12
5.897884e-05 2.377373e+14 6.387890e+08 2.583028e+08 -6.265549e+12
5.897934e-05 2.549018e+14 4.686464e+08 1.452935e+08 -4.761242e+12
5.897984e-05 2.680089e+14 3.549901e+08 9.541619e+07 -3.660830e+12
5.898034e-05 2.781480e+14 2.704513e+08 7.172786e+07 -2.854618e+12
5.898084e-05 2.861040e+14 2.066983e+08 5.962639e+07 -2.258138e+12
5.898134e-05 2.924351e+14 1.584997e+08 4.945029e+07 -1.810526e+12
5.898184e-05 2.975405e+14 1.220665e+08 4.158111e+07 -1.470356e+12
5.898234e-05 3.017085e+14 9.478999e+07 3.489817e+07 -1.208369e+12
5.898284e-05 3.051502e+14 7.430090e+07 2.923847e+07 -1.003813e+12
5.898334e-05 3.080215e+14 5.882123e+07 2.449170e+07 -8.421045e+11
5.898384e-05 3.104395e+14 4.703395e+07 2.054257e+07 -7.127948e+11
5.898434e-05 3.124933e+14 3.797693e+07 1.727364e+07 -6.082900e+11
5.898484e-05 3.142528e+14 3.095136e+07 1.457390e+07 -5.230022e+11
5.898534e-05 3.157701e+14 2.544893e+07 1.234419e+07 -4.527619e+11
5.898584e-05 3.170870e+14 2.109879e+07 1.049982e+07 -3.944286e+11
5.898634e-05 3.182369e+14 1.762838e+07 8.970187e+06 -3.456076e+11
5.898684e-05 3.192467e+14 1.483579e+07 7.697311e+06 -3.044540e+11
5.898734e-05 3.201379e+14 1.257018e+07 6.634055e+06 -2.695323e+11
5.898784e-05 3.209281e+14 1.071786e+07 5.742271e+06 -2.397151e+11
5.898834e-05 3.216320e+14 9.192383e+06 4.991153e+06 -2.141093e+11
5.898884e-05 3.222615e+14 7.927456e+06 4.355818e+06 -1.920016e+11
5.898934e-05 3.228266e+14 6.871808e+06 3.816144e+06 -1.728181e+11
5.898984e-05 3.233356e+14 5.985467e+06 3.355817e+06 -1.560935e+11
5.899034e-05 3.237958e+14 5.237030e+06 2.961571e+06 -1.414481e+11
5.899084e-05 3.242129e+14 4.601645e+06 2.622585e+06 -1.285703e+11
5.899134e-05 3.245921e+14 4.059501e+06 2.329995e+06 -1.172023e+11
5.899184e-05 3.249378e+14 3.594704e+06 2.076518e+06 -1.071302e+11
5.899234e-05 3.252534e+14 3.194433e+06 1.856148e+06 -9.817545e+10
5.899284e-05 3.255426e+14 2.848274e+06 1.663913e+06 -9.018845e+10
5.899334e-05 3.258083e+14 2.547680e+06 1.495654e+06 -8.304170e+10
5.899384e-05 3.260531e+14 2.285654e+06 1.347916e+06 -7.662791e+10
5.899435e-05 3.262789e+14 2.056419e+06 1.217800e+06 -7.085580e+10
5.899485e-05 3.264878e+14 1.855179e+06 1.102870e+06 -6.564732e+10
5.899535e-05 3.266812e+14 1.677937e+06 1.001068e+06 -6.093554e+10
5.899635e-05 3.270274e+14 1.382583e+06 8.301407e+05 -5.277924e+10
5.895633e-05 3.264230e+14 2.203326e+06 1.301281e+06 7.462205e+10
5.895683e-05 3.261773e+14 2.453124e+06 1.442459e+06 8.079963e+10
5.895734e-05 3.259114e+14 2.739286e+06 1.603053e+06 8.767563e+10
5.895784e-05 3.256230e+14 3.068335e+06 1.786304e+06 9.535119e+10
5.895834e-05 3.253093e+14 3.448213e+06 1.996097e+06 1.039459e+11
5.895884e-05 3.249668e+14 3.888617e+06 2.237095e+06 1.136012e+11
5.895934e-05 3.245922e+14 4.401412e+06 2.514892e+06 1.244839e+11
5.895984e-05 3.241813e+14 5.001294e+06 2.836278e+06 1.367944e+11
5.896034e-05 3.237294e+14 5.706530e+06 3.209499e+06 1.507733e+11
5.896084e-05 3.232308e+14 6.539985e+06 3.644609e+06 1.667113e+11
5.896134e-05 3.226789e+14 7.530467e+06 4.153917e+06 1.849613e+11
5.896184e-05 3.220658e+14 8.714546e+06 4.752538e+06 2.059550e+11
5.896234e-05 3.213822e+14 1.013899e+07 5.459099e+06 2.302234e+11
5.896284e-05 3.206168e+14 1.186409e+07 6.296611e+06 2.584246e+11
5.896334e-05 3.197562e+14 1.396821e+07 7.293551e+06 2.913805e+11
5.896384e-05 3.187839e+14 1.655408e+07 8.485184e+06 3.301251e+11
5.896434e-05 3.176798e+14 1.975756e+07 9.915130e+06 3.759707e+11
5.896484e-05 3.164192e+14 2.375987e+07 1.163714e+07 4.305983e+11
5.896534e-05 3.149715e+14 2.880493e+07 1.371696e+07 4.961811e+11
5.896584e-05 3.132980e+14 3.522364e+07 1.623395e+07 5.755581e+11
5.896634e-05 3.113509e+14 4.346835e+07 1.928196e+07 6.724814e+11
5.896684e-05 3.090673e+14 5.416048e+07 2.296804e+07 7.919615e+11
5.896734e-05 3.063659e+14 6.815546e+07 2.740807e+07 9.407715e+11
5.896784e-05 3.031411e+14 8.662778e+07 3.271890e+07 1.128188e+12
5.896834e-05 2.992527e+14 1.111737e+08 3.900957e+07 1.367079e+12
5.896884e-05 2.945125e+14 1.437792e+08 4.655883e+07 1.675597e+12
5.896934e-05 2.886632e+14 1.876097e+08 5.527358e+07 2.079624e+12
5.896984e-05 2.813520e+14 2.446681e+08 6.640456e+07 2.615645e+12
5.897034e-05 2.720857e+14 3.213510e+08 8.505836e+07 3.336133e+12
5.897084e-05 2.601722e+14 4.223579e+08 1.220476e+08 4.316761e+12
5.897134e-05 2.446434e+14 5.664810e+08 2.061814e+08 5.658286e+12
5.897184e-05 2.241861e+14 8.041179e+08 3.864793e+08 7.478115e+12
5.897234e-05 1.971840e+14 1.234554e+09 7.142814e+08 9.844022e+12
5.897284e-05 1.622294e+14 1.964294e+09 1.223964e+09 1.254030e+13
5.897334e-05 1.200165e+14 2.991350e+09 1.930211e+09 1.444203e+13
5.897384e-05 7.691785e+13 4.415822e+09 2.927027e+09 1.337633e+13
5.897434e-05 4.391669e+13 9.869128e+09 2.775148e+09 8.119255e+12
5.897484e-05 2.099839e+13 1.424458e+09 -8.575797e+08 3.975862e+12
5.897534e-05 1.761702e+13 -5.942999e+08 -1.230309e+09 -1.312789e+12
5.897584e-05 3.325582e+13 9.206427e+09 1.927541e+09 -8.491941e+12
5.897634e-05 6.218297e+13 6.311745e+09 3.709106e+09 -1.287560e+13
5.897684e-05 1.036863e+14 3.405795e+09 2.233182e+09 -1.446507e+13
5.897734e-05 1.473316e+14 2.315308e+09 1.461802e+09 -1.344070e+13
5.897784e-05 1.852596e+14 1.464368e+09 8.795319e+08 -1.082873e+13
5.897834e-05 2.150720e+14 9.337658e+08 4.879207e+08 -8.286187e+12
5.897884e-05 2.377373e+14 6.387890e+08 2.583028e+08 -6.265549e+12
5.897934e-05 2.549018e+14 4.686464e+08 1.452935e+08 -4.761242e+12
5.897984e-05 2.680089e+14 3.549901e+08 9.541619e+07 -3.660830e+12
5.898034e-05 2.781480e+14 2.704513e+08 7.172786e+07 -2.854618e+12
5.898084e-05 2.861040e+14 2.066983e+08 5.962639e+07 -2.258138e+12
5.898134e-05 2.924351e+14 1.584997e+08 4.945029e+07 -1.810526e+12
5.898184e-05 2.975405e+14 1.220665e+08 4.158111e+07 -1.470356e+12
5.898234e-05 3.017085e+14 9.478999e+07 3.489817e+07 -1.208369e+12
5.898284e-05 3.051502e+14 7.430090e+07 2.923847e+07 -1.003813e+12
5.898334e-05 3.080215e+14 5.882123e+07 2.449170e+07 -8.421045e+11
5.898384e-05 3.104395e+14 4.703395e+07 2.054257e+07 -7.127948e+11
5.898434e-05 3.124933e+14 3.797693e+07 1.727364e+07 -6.082900e+11
5.898484e-05 3.142528e+14 3.095136e+07 1.457390e+07 -5.230022e+11
5.898534e-05 3.157701e+14 2.544893e+07 1.234419e+07 -4.527619e+11
5.898584e-05 3.170870e+14 2.109879e+07 1.049982e+07 -3.944286e+11
5.898634e-05 3.182369e+14 1.762838e+07 8.970187e+06 -3.456076e+11
5.898684e-05 3.192467e+14 1.483579e+07 7.697311e+06 -3.044540e+11
5.898734e-05 3.201379e+14 1.257018e+07 6.634055e+06 -2.695323e+11
5.898784e-05 3.209281e+14 1.071786e+07 5.742271e+06 -2.397151e+11
5.898834e-05 3.216320e+14 9.192383e+06 4.991153e+06 -2.141093e+11
5.898884e-05 3.222615e+14 7.927456e+06 4.355818e+06 -1.920016e+11
5.898934e-05 3.228266e+14 6.871808e+06 3.816144e+06 -1.728181e+11
5.898984e-05 3.233356e+14 5.985467e+06 3.355817e+06 -1.560935e+11
5.899034e-05 3.237958e+14 5.237030e+06 2.961571e+06 -1.414481e+11
5.899084e-05 3.242129e+14 4.601645e+06 2.622585e+06 -1.285703e+11
5.899134e-05 3.245921e+14 4.059501e+06 2.329995e+06 -1.172023e+11
5.899184e-05 3.249378e+14 3.594704e+06 2.076518e+06 -1.071302e+11
5.899234e-05 3.252534e+14 3.194433e+06 1.856148e+06 -9.817545e+10
5.899284e-05 3.255426e+14 2.848274e+06 1.663913e+06 -9.018845e+10
5.899334e-05 3.258083e+14 2.547680e+06 1.495654e+06 -8.304170e+10
5.899384e-05 3.260531e+14 2.285654e+06 1.347916e+06 -7.662791e+10
5.899435e-05 3.262789e+14 2.056419e+06 1.217800e+06 -7.085580e+10
5.899485e-05 3.264878e+14 1.855179e+06 1.102870e+06 -6.564732e+10
5.899535e-05 3.266812e+14 1.677937e+06 1.001068e+06 -6.093554e+10
5.899635e-05 3.270274e+14 1.382583e+06 8.301407e+05 -5.277924e+10
5.895633e-05 3.264230e+14 2.203326e+06 1.301281e+06 7.462205e+10
5.895683e-05 3.261773e+14 2.453124e+06 1.442459e+06 8.079963e+10
5.895734e-05 3.259114e+14 2.739286e+06 1.603053e+06 8.767563e+10
5.895784e-05 3.256230e+14 3.068335e+06 1.786304e+06 9.535119e+10
5.895834e-05 3.253093e+14 3.448213e+06 1.996097e+06 1.039459e+11
5.895884e-05 3.249668e+14 3.888617e+06 2.237095e+06 1.136012e+11
5.895934e-05 3.245922e+14 4.401412e+06 2.514892e+06 1.244839e+11
5.895984e-05 3.241813e+14 5.001294e+06 2.836278e+06 1.367944e+11
5.896034e-05 3.237294e+14 5.706530e+06 3.209499e+06 1.507733e+11
5.896084e-05 3.232308e+14 6.539985e+06 3.644609e+06 1.667113e+11
5.896134e-05 3.226789e+14 7.530467e+06 4.153917e+06 1.849613e+11
5.896184e-05 3.220658e+14 8.714546e+06 4.752538e+06 2.059550e+11
5.896234e-05 3.213822e+14 1.013899e+07 5.459099e+06 2.302234e+11
5.896284e-05 3.206168e+14 1.186409e+07 6.296611e+06 2.584246e+11
5.896334e-05 3.197562e+14 1.396821e+07 7.293551e+06 2.913805e+11
5.896384e-05 3.187839e+14 1.655408e+07 8.485184e+06 3.301251e+11
5.896434e-05 3.176798e+14 1.975756e+07 9.915130e+06 3.759707e+11
5.896484e-05 3.164192e+14 2.375987e+07 1.163714e+07 4.305983e+11
5.896534e-05 3.149715e+14 2.880493e+07 1.371696e+07 4.961811e+11
5.896584e-05 3.132980e+14 3.522364e+07 1.623395e+07 5.755581e+11
5.896634e-05 3.113509e+14 4.346835e+07 1.928196e+07 6.724814e+11
5.896684e-05 3.090673e+14 5.416048e+07 2.296804e+07 7.919615e+11
5.896734e-05 3.063659e+14 6.815546e+07 2.740807e+07 9.407715e+11
5.896784e-05 3.031411e+14 8.662778e+07 3.271890e+07 1.128188e+12
5.896834e-05 2.992527e+14 1.111737e+08 3.900957e+07 1.367079e+12
5.896884e-05 2.945125e+14 1.437792e+08 4.655883e+07 1.675597e+12
5.896934e-05 2.886632e+14 1.876097e+08 5.527358e+07 2.079624e+12
5.896984e-05 2.813520e+14 2.446681e+08 6.640456e+07 2.615645e+12
5.897034e-05 2.720857e+14 3.213510e+08 8.505836e+07 3.336133e+12
5.897084e-05 2.601722e+14 4.223579e+08 1.220476e+08 4.316761e+12
5.897134e-05 2.446434e+14 5.664810e+08 2.061814e+08 5.658286e+12
5.897184e-05 2.241861e+14 8.041179e+08 3.864793e+08 7.478115e+12
5.897234e-05 1.971840e+14 1.234554e+09 7.142814e+08 9.844022e+12
5.897284e-05 1.622294e+14 1.964294e+09 1.223964e+09 1.254030e+13
5.897334e-05 1.200165e+14 2.991350e+09 1.930211e+09 1.444203e+13
5.897384e-05 7.691785e+13 4.415822e+09 2.927027e+09 1.337633e+13
5.897434e-05 4.391669e+13 9.869128e+09 2.775148e+09 8.119255e+12
5.897484e-05 2.099839e+13 1.424458e+09 -8.575797e+08 3.975862e+12
5.897534e-05 1.761702e+13 -5.942999e+08 -1.230309e+09 -1.312789e+12
5.897584e-05 3.325582e+13 9.206427e+09 1.927541e+09 -8.491941e+12
5.897634e-05 6.218297e+13 6.311745e+09 3.709106e+09 -1.287560e+13
5.897684e-05 1.036863e+14 3.405795e+09 2.233182e+09 -1.446507e+13
5.897734e-05 1.473316e+14 2.315308e+09 1.461802e+09 -1.344070e+13
5.897784e-05 1.852596e+14 1.464368e+09 8.795319e+08 -1.082873e+13
5.897834e-05 2.150720e+14 9.337658e+08 4.879207e+08 -8.286187e+12
5.897884e-05 2.377373e+14 6.387890e+08 2.583028e+08 -6.265549e+12
5.897934e-05 2.549018e+14 4.686464e+08 1.452935e+08 -4.761242e+12
5.897984e-05 2.680089e+14 3.549901e+08 9.541619e+07 -3.660830e+12
5.898034e-05 2.781480e+14 2.704513e+08 7.172786e+07 -2.854618e+12
5.898084e-05 2.861040e+14 2.066983e+08 5.962639e+07 -2.258138e+12
5.898134e-05 2.924351e+14 1.584997e+08 4.945029e+07 -1.810526e+12
5.898184e-05 2.975405e+14 1.220665e+08 4.158111e+07 -1.470356e+12
5.898234e-05 3.017085e+14 9.478999e+07 3.489817e+07 -1.208369e+12
5.898284e-05 3.051502e+14 7.430090e+07 2.923847e+07 -1.003813e+12
5.898334e-05 3.080215e+14 5.882123e+07 2.449170e+07 -8.421045e+11
5.898384e-05 3.104395e+14 4.703395e+07 2.054257e+07 -7.127948e+11
5.898434e-05 3.124933e+14 3.797693e+07 1.727364e+07 -6.082900e+11
5.898484e-05 3.142528e+14 3.095136e+07 1.457390e+07 -5.230022e+11
5.898534e-05 3.157701e+14 2.544893e+07 1.234419e+07 -4.527619e+11
5.898584e-05 3.170870e+14 2.109879e+07 1.049982e+07 -3.944286e+11
5.898634e-05 3.182369e+14 1.762838e+07 8.970187e+06 -3.456076e+11
5.898684e-05 3.192467e+14 1.483579e+07 7.697311e+06 -3.044540e+11
5.898734e-05 3.201379e+14 1.257018e+07 6.634055e+06 -2.695323e+11
5.898784e-05 3.209281e+14 1.071786e+07 5.742271e+06 -2.397151e+11
5.898834e-05 3.216320e+14 9.192383e+06 4.991153e+06 -2.141093e+11
5.898884e-05 3.222615e+14 7.927456e+06 4.355818e+06 -1.920016e+11
5.898934e-05 3.228266e+14 6.871808e+06 3.816144e+06 -1.728181e+11
5.898984e-05 3.233356e+14 5.985467e+06 3.355817e+06 -1.560935e+11
5.899034e-05 3.237958e+14 5.237030e+06 2.961571e+06 -1.414481e+11
5.899084e-05 3.242129e+14 4.601645e+06 2.622585e+06 -1.285703e+11
5.899134e-05 3.245921e+14 4.059501e+06 2.329995e+06 -1.172023e+11
5.899184e-05 3.249378e+14 3.594704e+06 2.076518e+06 -1.071302e+11
5.899234e-05 3.252534e+14 3.194433e+06 1.856148e+06 -9.817545e+10
5.899284e-05 3.255426e+14 2.848274e+06 1.663913e+06 -9.018845e+10
5.899334e-05 3.258083e+14 2.547680e+06 1.495654e+06 -8.304170e+10
5.899384e-05 3.260531e+14 2.285654e+06 1.347916e+06 -7.662791e+10
5.899435e-05 3.262789e+14 2.056419e+06 1.217800e+06 -7.085580e+10
5.899485e-05 3.264878e+14 1.855179e+06 1.102870e+06 -6.564732e+10
5.899535e-05 3.266812e+14 1.677937e+06 1.001068e+06 -6.093554e+10
5.899635e-05 3.270274e+14 1.382583e+06 8.301407e+05 -5.277924e+10
5.895633e-05 3.264230e+14 2.203326e+06 1.301281e+06 7.462205e+10
5.895683e-05 3.261773e+14 2.453124e+06 1.442459e+06 8.079963e+10
5.895734e-05 3.259114e+14 2.739286e+06 1.603053e+06 8.767563e+10
5.895784e-05 3.256230e+14 3.068335e+06 1.786304e+06 9.535119e+10
5.895834e-05 3.253093e+14 3.448213e+06 1.996097e+06 1.039459e+11
5.895884e-05 3.249668e+14 3.888617e+06 2.237095e+06 1.136012e+11
5.895934e-05 3.245922e+14 4.401412e+06 2.514892e+06 1.244839e+11
5.895984e-05 3.241813e+14 5.001294e+06 2.836278e+06 1.367944e+11
5.896034e-05 3.237294e+14 5.706530e+06 3.209499e+06 1.507733e+11
5.896084e-05 3.232308e+14 6.539985e+06 3.644609e+06 1.667113e+11
5.896134e-05 3.226789e+14 7.530467e+06 4.153917e+06 1.849613e+11
5.896184e-05 3.220658e+14 8.714546e+06 4.752538e+06 2.059550e+11
5.896234e-05 3.213822e+14 1.013899e+07 5.459099e+06 2.302234e+11
5.896284e-05 3.206168e+14 1.186409e+07 6.296611e+06 2.584246e+11
5.896334e-05 3.197562e+14 1.396821e+07 7.293551e+06 2.913805e+11
5.896384e-05 3.187839e+14 1.655408e+07 8.485184e+06 3.301251e+11
5.896434e-05 3.176798e+14 1.975756e+07 9.915130e+06 3.759707e+11
5.896484e-05 3.164192e+14 2.375987e+07 1.163714e+07 4.305983e+11
5.896534e-05 3.149715e+14 2.880493e+07 1.371696e+07 4.961811e+11
5.896584e-05 3.132980e+14 3.522364e+07 1.623395e+07 5.755581e+11
5.896634e-05 3.113509e+14 4.346835e+07 1.928196e+07 6.724814e+11
5.896684e-05 3.090673e+14 5.416048e+07 2.296804e+07 7.919615e+11
5.896734e-05 3.063659e+14 6.815546e+07 2.740807e+07 9.407715e+11
5.896784e-05 3.031411e+14 8.662778e+07 3.271890e+07 1.128188e+12
5.896834e-05 2.992527e+14 1.111737e+08 3.900957e+07 1.367079e+12
5.896884e-05 2.945125e+14 1.437792e+08 4.655883e+07 1.675597e+12
5.896934e-05 2.886632e+14 1.876097e+08 5.527358e+07 2.079624e+12
5.896984e-05 2.813520e+14 2.446681e+08 6.640456e+07 2.615645e+12
5.897034e-05 2.720857e+14 3.213510e+08 8.505836e+07 3.336133e+12
5.897084e-05 2.601722e+14 4.223579e+08 1.220476e+08 4.316761e+12
5.897134e-05 2.446434e+14 5.664810e+08 2.061814e+08 5.658286e+12
5.897184e-05 2.241861e+14 8.041179e+08 3.864793e+08 7.478115e+12
5.897234e-05 1.971840e+14 1.234554e+09 7.142814e+08 9.844022e+12
5.897284e-05 1.622294e+14 1.964294e+09 1.223964e+09 1.254030e+13
5.897334e-05 1.200165e+14 2.991350e+09 1.930211e+09 1.444203e+13
5.897384e-05 7.691785e+13 4.415822e+09 2.927027e+09 1.337633e+13
5.897434e-05 4.391669e+13 9.869128e+09 2.775148e+09 8.119255e+12
5.897484e-05 2.099839e+13 1.424458e+09 -8.575797e+08 3.975862e+12
5.897534e-05 1.761702e+13 -5.942999e+08 -1.230309e+09 -1.312789e+12
5.897584e-05 3.325582e+13 9.206427e+09 1.927541e+09 -8.491941e+12
5.897634e-05 6.218297e+13 6.311745e+09 3.709106e+09 -1.287560e+13
5.897684e-05 1.036863e+14 3.405795e+09 2.233182e+09 -1.446507e+13
5.897734e-05 1.473316e+14 2.315308e+09 1.461802e+09 -1.344070e+13
5.897784e-05 1.852596e+14 1.464368e+09 8.795319e+08 -1.082873e+13
5.897834e-05 2.150720e+14 9.337658e+08 4.879207e+08 -8.286187e+12
5.897884e-05 2.377373e+14 6.387890e+08 2.583028e+08 -6.265549e+12
5.897934e-05 2.549018e+14 4.686464e+08 1.452935e+08 -4.761242e+12
5.897984e-05 2.680089e+14 3.549901e+08 9.541619e+07 -3.660830e+12
5.898034e-05 2.781480e+14 2.704513e+08 7.172786e+07 -2.854618e+12
5.898084e-05 2.861040e+14 2.066983e+08 5.962639e+07 -2.258138e+12
5.898134e-05 2.924351e+14 1.584997e+08 4.945029e+07 -1.810526e+12
5.898184e-05 2.975405e+14 1.220665e+08 4.158111e+07 -1.470356e+12
5.898234e-05 3.017085e+14 9.478999e+07 3.489817e+07 -1.208369e+12
5.898284e-05 3.051502e+14 7.430090e+07 2.923847e+07 -1.003813e+12
5.898334e-05 3.080215e+14 5.882123e+07 2.449170e+07 -8.421045e+11
5.898384e-05 3.104395e+14 4.703395e+07 2.054257e+07 -7.127948e+11
5.898434e-05 3.124933e+14 3.797693e+07 1.727364e+07 -6.082900e+11
5.898484e-05 3.142528e+14 3.095136e+07 1.457390e+07 -5.230022e+11
5.898534e-05 3.157701e+14 2.544893e+07 1.234419e+07 -4.527619e+11
5.898584e-05 3.170870e+14 2.109879e+07 1.049982e+07 -3.944286e+11
5.898634e-05 3.182369e+14 1.762838e+07 8.970187e+06 -3.456076e+11
5.898684e-05 3.192467e+14 1.483579e+07 7.697311e+06 -3.044540e+11
5.898734e-05 3.201379e+14 1.257018e+07 6.634055e+06 -2.695323e+11
5.898784e-05 3.209281e+14 1.071786e+07 5.742271e+06 -2.397151e+11
5.898834e-05 3.216320e+14 9.192383e+06 4.991153e+06 -2.141093e+11
5.898884e-05 3.222615e+14 7.927456e+06 4.355818e+06 -1.920016e+11
5.898934e-05 3.228266e+14 6.871808e+06 3.816144e+06 -1.728181e+11
5.898984e-05 3.233356e+14 5.985467e+06 3.355817e+06 -1.560935e+11
5.899034e-05 3.237958e+14 5.237030e+06 2.961571e+06 -1.414481e+11
5.899084e-05 3.242129e+14 4.601645e+06 2.622585e+06 -1.285703e+11
5.899134e-05 3.245921e+14 4.059501e+06 2.329995e+06 -1.172023e+11
5.899184e-05 3.249378e+14 3.594704e+06 2.076518e+06 -1.071302e+11
5.899234e-05 3.252534e+14 3.194433e+06 1.856148e+06 -9.817545e+10
5.899284e-05 3.255426e+14 2.848274e+06 1.663913e+06 -9.018845e+10
5.899334e-05 3.258083e+14 2.547680e+06 1.495654e+06 -8.304170e+10
5.899384e-05 3.260531e+14 2.285654e+06 1.347916e+06 -7.662791e+10
5.899435e-05 3.262789e+14 2.056419e+06 1.217800e+06 -7.085580e+10
5.899485e-05 3.264878e+14 1.855179e+06 1.102870e+06 -6.564732e+10
5.899535e-05 3.266812e+14 1.677937e+06 1.001068e+06 -6.093554e+10
5.899635e-05 3.270274e+14 1.382583e+06 8.301407e+05 -5.277924e+10
5.895633e-05 3.264974e+14 9.369859e+07 -1.873253e+07 6.185664e+10
5.895683e-05 3.262519e+14 1.041772e+08 -2.100050e+07 6.697753e+10
5.895734e-05 3.259863e+14 1.161561e+08 -2.362460e+07 7.267740e+10
5.895784e-05 3.256981e+14 1.298992e+08 -2.667434e+07 7.904007e+10
5.895834e-05 3.253848e+14 1.457264e+08 -3.023571e+07 8.616463e+10
5.895884e-05 3.250427e+14 1.640271e+08 -3.441571e+07 9.416846e+10
5.895934e-05 3.246684e+14 1.852750e+08 -3.934779e+07 1.031898e+11
5.895984e-05 3.242580e+14 2.100542e+08 -4.520062e+07 1.133948e+11
5.896034e-05 3.238065e+14 2.390870e+08 -5.218853e+07 1.249829e+11
5.896084e-05 3.233084e+14 2.732723e+08 -6.058615e+07 1.381951e+11
5.896134e-05 3.227571e+14 3.137357e+08 -7.074845e+07 1.533239e+11
5.896184e-05 3.221446e+14 3.618965e+08 -8.313842e+07 1.707274e+11
5.896234e-05 3.214617e+14 4.195567e+08 -9.836589e+07 1.908457e+11
5.896284e-05 3.206972e+14 4.890216e+08 -1.172424e+08 2.142245e+11
5.896334e-05 3.198374e+14 5.732626e+08 -1.408596e+08 2.415452e+11
5.896384e-05 3.188661e+14 6.761401e+08 -1.707032e+08 2.736651e+11
5.896434e-05 3.177632e+14 8.027103e+08 -2.088193e+08 3.116725e+11
5.896484e-05 3.165040e+14 9.596504e+08 -2.580617e+08 3.569611e+11
5.896534e-05 3.150578e+14 1.155850e+09 -3.224621e+08 4.113331e+11
5.896584e-05 3.133861e+14 1.403239e+09 -4.077919e+08 4.771429e+11
5.896634e-05 3.114410e+14 1.717947e+09 -5.224197e+08 5.575020e+11
5.896684e-05 3.091598e+14 2.121905e+09 -6.786246e+08 6.565664e+11
5.896734e-05 3.064613e+14 2.645040e+09 -8.945977e+08 7.799540e+11
5.896784e-05 3.032399e+14 3.328246e+09 -1.197442e+09 9.353606e+11
5.896834e-05 2.993556e+14 4.227194e+09 -1.627585e+09 1.133463e+12
5.896884e-05 2.946202e+14 5.415167e+09 -2.236037e+09 1.389327e+12
5.896934e-05 2.887768e+14 7.000147e+09 -3.130201e+09 1.724446e+12
5.896984e-05 2.814723e+14 9.104944e+09 -4.382111e+09 2.168951e+12
5.897034e-05 2.722140e+14 1.192475e+10 -6.084754e+09 2.766889e+12
5.897084e-05 2.603085e+14 1.580938e+10 -8.201588e+09 3.580769e+12
5.897134e-05 2.447857e+14 2.162191e+10 -1.038112e+10 4.694661e+12
5.897184e-05 2.243254e+14 3.164434e+10 -1.198706e+10 6.206699e+12
5.897234e-05 1.972926e+14 5.052200e+10 -1.319117e+10 8.174515e+12
5.897284e-05 1.622337e+14 8.346220e+10 -1.621284e+10 1.042075e+13
5.897334e-05 1.197501e+14 1.302804e+11 -2.212500e+10 1.200710e+13
5.897384e-05 7.611465e+13 1.956520e+11 -3.124289e+10 1.112961e+13
5.897434e-05 4.046374e+13 3.173631e+11 -1.326500e+11 5.459775e+12
5.897484e-05 1.943999e+13 1.449032e+10 -4.317076e+10 2.831748e+12
5.897534e-05 1.672373e+13 -4.271175e+10 -1.268736e+10 -9.427162e+11
5.897584e-05 3.136733e+13 3.095551e+11 -1.676123e+11 -6.982909e+12
5.897634e-05 6.087762e+13 2.710365e+11 -5.921442e+10 -1.078678e+13
5.897684e-05 1.032344e+14 1.494714e+11 -2.421407e+10 -1.202440e+13
5.897734e-05 1.472387e+14 9.944026e+10 -1.821154e+10 -1.117300e+13
5.897784e-05 1.853236e+14 6.084175e+10 -1.393559e+10 -8.995574e+12
5.897834e-05 2.151905e+14 3.726309e+10 -1.239949e+10 -6.879569e+12
5.897884e-05 2.378693e+14 2.463195e+10 -1.106863e+10 -5.199877e+12
5.897934e-05 2.550326e+14 1.764795e+10 -9.028637e+09 -3.950349e+12
5.897984e-05 2.681338e+14 1.320179e+10 -6.825353e+09 -3.036769e+12
5.898034e-05 2.782662e+14 1.003621e+10 -4.956305e+09 -2.367580e+12
5.898084e-05 2.862158e+14 7.731157e+09 -3.546902e+09 -1.872517e+12
5.898134e-05 2.925417e+14 5.946323e+09 -2.533177e+09 -1.501418e+12
5.898184e-05 2.976425e+14 4.624644e+09 -1.827712e+09 -1.219246e+12
5.898234e-05 3.018066e+14 3.628587e+09 -1.337346e+09 -1.001954e+12
5.898284e-05 3.052450e+14 2.873493e+09 -9.933678e+08 -8.323094e+11
5.898334e-05 3.081135e+14 2.297033e+09 -7.492783e+08 -6.982078e+11
5.898384e-05 3.105292e+14 1.853350e+09 -5.736861e+08 -5.909791e+11
5.898434e-05 3.125810e+14 1.508854e+09 -4.455300e+08 -5.043233e+11
5.898484e-05 3.143387e+14 1.238967e+09 -3.506355e+08 -4.336047e+11
5.898534e-05 3.158545e+14 1.025630e+09 -2.793786e+08 -3.753649e+11
5.898584e-05 3.171701e+14 8.555255e+08 -2.251540e+08 -3.269988e+11
5.898634e-05 3.183189e+14 7.187556e+08 -1.833696e+08 -2.865207e+11
5.898684e-05 3.193276e+14 6.079094e+08 -1.507910e+08 -2.524004e+11
5.898734e-05 3.202179e+14 5.173923e+08 -1.251100e+08 -2.234474e+11
5.898784e-05 3.210074e+14 4.429457e+08 -1.046586e+08 -1.987267e+11
5.898834e-05 3.217106e+14 3.813019e+08 -8.821662e+07 -1.774979e+11
5.898884e-05 3.223395e+14 3.299330e+08 -7.488064e+07 -1.591695e+11
5.898934e-05 3.229040e+14 2.868685e+08 -6.397460e+07 -1.432655e+11
5.898984e-05 3.234126e+14 2.505608e+08 -5.498714e+07 -1.294002e+11
5.899034e-05 3.238722e+14 2.197857e+08 -4.752762e+07 -1.172588e+11
5.899084e-05 3.242889e+14 1.935681e+08 -4.129480e+07 -1.065827e+11
5.899134e-05 3.246678e+14 1.711261e+08 -3.605433e+07 -9.715848e+10
5.899184e-05 3.250131e+14 1.518291e+08 -3.162238e+07 -8.880853e+10
5.899234e-05 3.253284e+14 1.351659e+08 -2.785372e+07 -8.138504e+10
5.899284e-05 3.256173e+14 1.207191e+08 -2.463263e+07 -7.476379e+10
5.899334e-05 3.258828e+14 1.081447e+08 -2.186598e+07 -6.883913e+10
5.899384e-05 3.261273e+14 9.716003e+07 -1.947879e+07 -6.352212e+10
5.899435e-05 3.263529e+14 8.753082e+07 -1.741014e+07 -5.873707e+10
5.899485e-05 3.265615e+14 7.906187e+07 -1.561022e+07 -5.441930e+10
5.899535e-05 3.267548e+14 7.158991e+07 -1.403809e+07 -5.051329e+10
5.899635e-05 3.271006e+14 5.910973e+07 -1.144758e+07 -4.375186e+10
5.895633e-05 3.265277e+14 -7.021551e+07 2.992284e+07 6.745402e+10
5.895683e-05 3.262828e+14 -7.803280e+07 3.341514e+07 7.303846e+10
5.895734e-05 3.260178e+14 -8.696277e+07 3.743382e+07 7.925431e+10
5.895784e-05 3.257304e+14 -9.719966e+07 4.207722e+07 8.619301e+10
5.895834e-05 3.254178e+14 -1.089784e+08 4.746590e+07 9.396252e+10
5.895884e-05 3.250766e+14 -1.225849e+08 5.374873e+07 1.026910e+11
5.895934e-05 3.247033e+14 -1.383657e+08 6.110935e+07 1.125293e+11
5.895984e-05 3.242938e+14 -1.567473e+08 6.977761e+07 1.236584e+11
5.896034e-05 3.238434e+14 -1.782560e+08 8.004251e+07 1.362960e+11
5.896084e-05 3.233465e+14 -2.035445e+08 9.227014e+07 1.507049e+11
5.896134e-05 3.227965e+14 -2.334278e+08 1.069280e+08 1.672043e+11
5.896184e-05 3.221856e+14 -2.689297e+08 1.246179e+08 1.861844e+11
5.896234e-05 3.215043e+14 -3.113448e+08 1.461220e+08 2.081257e+11
5.896284e-05 3.207416e+14 -3.623214e+08 1.724657e+08 2.336233e+11
5.896334e-05 3.198839e+14 -4.239724e+08 2.050074e+08 2.634205e+11
5.896384e-05 3.189149e+14 -4.990257e+08 2.455649e+08 2.984526e+11
5.896434e-05 3.178146e+14 -5.910280e+08 2.965977e+08 3.399068e+11
5.896484e-05 3.165582e+14 -7.046228e+08 3.614705e+08 3.893038e+11
5.896534e-05 3.151153e+14 -8.459292e+08 4.448398e+08 4.486097e+11
5.896584e-05 3.134474e+14 -1.023059e+09 5.532231e+08 5.203937e+11
5.896634e-05 3.115066e+14 -1.246822e+09 6.958429e+08 6.080506e+11
5.896684e-05 3.092305e+14 -1.531662e+09 8.858713e+08 7.161166e+11
5.896734e-05 3.065378e+14 -1.896876e+09 1.142242e+09 8.507231e+11
5.896784e-05 3.033232e+14 -2.368197e+09 1.492220e+09 1.020270e+12
5.896834e-05 2.994469e+14 -2.978960e+09 1.976696e+09 1.236433e+12
5.896884e-05 2.947206e+14 -3.780044e+09 2.665428e+09 1.515753e+12
5.896934e-05 2.888885e+14 -4.819726e+09 3.573800e+09 1.881335e+12
5.896984e-05 2.815969e+14 -6.189429e+09 4.841146e+09 2.366502e+12
5.897034e-05 2.723538e+14 -8.039677e+09 6.506563e+09 3.019268e+12
5.897084e-05 2.604662e+14 -1.070108e+10 8.555749e+09 3.907993e+12
5.897134e-05 2.449638e+14 -1.504580e+10 1.086153e+10 5.124724e+12
5.897184e-05 2.245266e+14 -2.310842e+10 1.351081e+10 6.777118e+12
5.897234e-05 1.975195e+14 -3.827535e+10 1.776448e+10 8.929045e+12
5.897284e-05 1.624916e+14 -6.371829e+10 2.600968e+10 1.138837e+13
5.897334e-05 1.200550e+14 -9.950091e+10 3.842584e+10 1.313256e+13
5.897384e-05 7.638493e+13 -1.517805e+11 5.773232e+10 1.226998e+13
5.897434e-05 4.083186e+13 -2.365015e+11 1.745551e+11 6.460156e+12
5.897484e-05 1.843308e+13 -4.532627e+09 4.349628e+10 3.398539e+12
5.897534e-05 1.537894e+13 3.862958e+10 5.329901e+09 -1.122807e+12
5.897584e-05 3.107352e+13 -2.222482e+11 1.962633e+11 -8.196973e+12
5.897634e-05 6.094677e+13 -2.086645e+11 9.494273e+10 -1.196712e+13
5.897684e-05 1.035078e+14 -1.145337e+11 4.327076e+10 -1.315952e+13
5.897734e-05 1.474614e+14 -7.593008e+10 3.029170e+10 -1.221591e+13
5.897784e-05 1.855206e+14 -4.638362e+10 2.023287e+10 -9.830496e+12
5.897834e-05 2.153700e+14 -2.769131e+10 1.477393e+10 -7.515232e+12
5.897884e-05 2.380323e+14 -1.743540e+10 1.177136e+10 -5.678625e+12
5.897934e-05 2.551798e+14 -1.203409e+10 9.384904e+09 -4.313026e+12
5.897984e-05 2.682663e+14 -8.898193e+09 7.223422e+09 -3.314948e+12
5.898034e-05 2.783854e+14 -6.805376e+09 5.406023e+09 -2.584031e+12
5.898084e-05 2.863236e+14 -5.281917e+09 3.995306e+09 -2.043500e+12
5.898134e-05 2.926395e+14 -4.127937e+09 2.952668e+09 -1.638348e+12
5.898184e-05 2.977315e+14 -3.248574e+09 2.201660e+09 -1.330390e+12
5.898234e-05 3.018882e+14 -2.574239e+09 1.651410e+09 -1.093174e+12
5.898284e-05 3.053202e+14 -2.055698e+09 1.257872e+09 -9.080352e+11
5.898334e-05 3.081831e+14 -1.654785e+09 9.707623e+08 -7.616976e+11
5.898384e-05 3.105939e+14 -1.342912e+09 7.589225e+08 -6.446930e+11
5.898434e-05 3.126417e+14 -1.098600e+09 6.006814e+08 -5.501428e+11
5.898484e-05 3.143958e+14 -9.057700e+08 4.809876e+08 -4.729853e+11
5.898534e-05 3.159083e+14 -7.523897e+08 3.893309e+08 -4.094455e+11
5.898584e-05 3.172210e+14 -6.294445e+08 3.183132e+08 -3.566801e+11
5.898634e-05 3.183673e+14 -5.301481e+08 2.626706e+08 -3.125216e+11
5.898684e-05 3.193738e+14 -4.493631e+08 2.186156e+08 -2.753001e+11
5.898734e-05 3.202622e+14 -3.831751e+08 1.833918e+08 -2.437164e+11
5.898784e-05 3.210499e+14 -3.285818e+08 1.549704e+08 -2.167503e+11
5.898834e-05 3.217514e+14 -2.832637e+08 1.318413e+08 -1.935937e+11
5.898884e-05 3.223788e+14 -2.454163e+08 1.128689e+08 -1.736012e+11
5.898934e-05 3.229421e+14 -2.136258e+08 9.719039e+07 -1.562536e+11
5.898984e-05 3.234494e+14 -1.867771e+08 8.414397e+07 -1.411299e+11
5.899034e-05 3.239080e+14 -1.639849e+08 7.321733e+07 -1.278868e+11
5.899084e-05 3.243237e+14 -1.445413e+08 6.401050e+07 -1.162422e+11
5.899134e-05 3.247017e+14 -1.278774e+08 5.620867e+07 -1.059631e+11
5.899184e-05 3.250461e+14 -1.135329e+08 4.956216e+07 -9.685579e+10
5.899234e-05 3.253606e+14 -1.011339e+08 4.387175e+07 -8.875916e+10
5.899284e-05 3.256488e+14 -9.037424e+07 3.897700e+07 -8.153751e+10
5.899334e-05 3.259137e+14 -8.100139e+07 3.474767e+07 -7.507566e+10
5.899384e-05 3.261576e+14 -7.280736e+07 3.107799e+07 -6.927661e+10
5.899435e-05 3.263827e+14 -6.561944e+07 2.788128e+07 -6.405780e+10
5.899485e-05 3.265908e+14 -5.929361e+07 2.508614e+07 -5.934864e+10
5.899535e-05 3.267836e+14 -5.370922e+07 2.263345e+07 -5.508860e+10
5.899635e-05 3.271286e+14 -4.437459e+07 1.856660e+07 -4.771440e+10
5.895633e-05 3.264482e+14 8.533065e+07 -9.185856e+07 6.696951e+10
5.895683e-05 3.262048e+14 9.472416e+07 -1.023275e+08 7.251423e+10
5.895734e-05 3.259413e+14 1.054353e+08 -1.143306e+08 7.868595e+10
5.895784e-05 3.256555e+14 1.176898e+08 -1.281454e+08 8.557545e+10
5.895834e-05 3.253449e+14 1.317593e+08 -1.441097e+08 9.328971e+10
5.895884e-05 3.250057e+14 1.479739e+08 -1.626389e+08 1.019566e+11
5.895934e-05 3.246346e+14 1.667308e+08 -1.842401e+08 1.117255e+11
5.895984e-05 3.242276e+14 1.885164e+08 -2.095437e+08 1.227763e+11
5.896034e-05 3.237799e+14 2.139273e+08 -2.393356e+08 1.353252e+11
5.896084e-05 3.232859e+14 2.436986e+08 -2.746021e+08 1.496332e+11
5.896134e-05 3.227392e+14 2.787410e+08 -3.165903e+08 1.660174e+11
5.896184e-05 3.221318e+14 3.201891e+08 -3.668889e+08 1.848656e+11
5.896234e-05 3.214545e+14 3.694637e+08 -4.275384e+08 2.066549e+11
5.896284e-05 3.206963e+14 4.283537e+08 -5.011818e+08 2.319767e+11
5.896334e-05 3.198435e+14 4.991237e+08 -5.912730e+08 2.615694e+11
5.896384e-05 3.188801e+14 5.846545e+08 -7.023680e+08 2.963625e+11
5.896434e-05 3.177861e+14 6.886286e+08 -8.405351e+08 3.375357e+11
5.896484e-05 3.165370e+14 8.157704e+08 -1.013938e+09 3.866004e+11
5.896534e-05 3.151023e+14 9.721590e+08 -1.233670e+09 4.455110e+11
5.896584e-05 3.134438e+14 1.165624e+09 -1.514960e+09 5.168213e+11
5.896634e-05 3.115132e+14 1.406239e+09 -1.878906e+09 6.039055e+11
5.896684e-05 3.092498e+14 1.706909e+09 -2.355001e+09 7.112770e+11
5.896734e-05 3.065719e+14 2.083984e+09 -2.984658e+09 8.450336e+11
5.896784e-05 3.033745e+14 2.557923e+09 -3.826170e+09 1.013534e+12
5.896834e-05 2.995185e+14 3.151537e+09 -4.969089e+09 1.228446e+12
5.896884e-05 2.948165e+14 3.903342e+09 -6.503919e+09 1.506107e+12
5.896934e-05 2.890126e+14 4.849956e+09 -8.598594e+09 1.869601e+12
5.896984e-05 2.817556e+14 6.063623e+09 -1.142463e+10 2.352205e+12
5.897034e-05 2.725537e+14 7.727749e+09 -1.517788e+10 3.002022e+12
5.897084e-05 2.607141e+14 1.035777e+10 -2.005676e+10 3.887080e+12
5.897134e-05 2.452664e+14 1.535065e+10 -2.646032e+10 5.099791e+12
5.897184e-05 2.248866e+14 2.572477e+10 -3.589263e+10 6.748667e+12
5.897234e-05 1.979279e+14 4.577973e+10 -5.255837e+10 8.899811e+12
5.897284e-05 1.629102e+14 7.883530e+10 -8.227318e+10 1.136604e+13
5.897334e-05 1.203901e+14 1.251750e+11 -1.257352e+11 1.312840e+13
5.897384e-05 7.613031e+13 1.983675e+11 -2.018379e+11 1.252587e+13
5.897434e-05 3.971983e+13 2.316903e+11 -3.920979e+11 5.884834e+12
5.897484e-05 1.814787e+13 -2.385531e+10 -6.180796e+10 3.337616e+12
5.897534e-05 1.517130e+13 -6.330555e+10 1.967333e+10 -1.130489e+12
5.897584e-05 3.066313e+13 1.965507e+11 -4.237823e+11 -8.235756e+12
5.897634e-05 5.992415e+13 2.602406e+11 -3.050792e+11 -1.226753e+13
5.897684e-05 1.037099e+14 1.455444e+11 -1.440145e+11 -1.317241e+13
5.897734e-05 1.478133e+14 9.459006e+10 -9.720476e+10 -1.220138e+13
5.897784e-05 1.858987e+14 5.643838e+10 -6.180941e+10 -9.805605e+12
5.897834e-05 2.157188e+14 3.181561e+10 -4.090948e+10 -7.488515e+12
5.897884e-05 2.383327e+14 1.835065e+10 -2.945368e+10 -5.654165e+12
5.897934e-05 2.554294e+14 1.181289e+10 -2.221186e+10 -4.292043e+12
5.897984e-05 2.684694e+14 8.541595e+09 -1.684103e+10 -3.297433e+12
5.898034e-05 2.785480e+14 6.610527e+09 -1.269507e+10 -2.569553e+12
5.898084e-05 2.864516e+14 5.240803e+09 -9.527888e+09 -2.031691e+12
5.898134e-05 2.927383e+14 4.232774e+09 -7.244785e+09 -1.628500e+12
5.898184e-05 2.978063e+14 3.410421e+09 -5.475411e+09 -1.322108e+12
5.898234e-05 3.019423e+14 2.761690e+09 -4.204725e+09 -1.086243e+12
5.898284e-05 3.053567e+14 2.245768e+09 -3.265708e+09 -9.021839e+11
5.898334e-05 3.082046e+14 1.835489e+09 -2.565674e+09 -7.567232e+11
5.898384e-05 3.106026e+14 1.508699e+09 -2.038514e+09 -6.404355e+11
5.898434e-05 3.126398e+14 1.247591e+09 -1.637205e+09 -5.464766e+11
5.898484e-05 3.143843e+14 1.038053e+09 -1.328318e+09 -4.698077e+11
5.898534e-05 3.158885e+14 8.690298e+08 -1.087984e+09 -4.066756e+11
5.898584e-05 3.171940e+14 7.319220e+08 -8.990404e+08 -3.542526e+11
5.898634e-05 3.183338e+14 6.200515e+08 -7.490284e+08 -3.103835e+11
5.898684e-05 3.193346e+14 5.282324e+08 -6.288149e+08 -2.734079e+11
5.898734e-05 3.202179e+14 4.524276e+08 -5.316368e+08 -2.420345e+11
5.898784e-05 3.210011e+14 3.894838e+08 -4.524351e+08 -2.152490e+11
5.898834e-05 3.216986e+14 3.369271e+08 -3.873888e+08 -1.922485e+11
5.898884e-05 3.223224e+14 2.928068e+08 -3.335838e+08 -1.723914e+11
5.898934e-05 3.228823e+14 2.555769e+08 -2.887781e+08 -1.551619e+11
5.898984e-05 3.233868e+14 2.240055e+08 -2.512311e+08 -1.401416e+11
5.899034e-05 3.238426e+14 1.971057e+08 -2.195810e+08 -1.269893e+11
5.899084e-05 3.242559e+14 1.740823e+08 -1.927535e+08 -1.154248e+11
5.899134e-05 3.246316e+14 1.542917e+08 -1.698951e+08 -1.052166e+11
5.899184e-05 3.249740e+14 1.372097e+08 -1.503229e+08 -9.617234e+10
5.899234e-05 3.252866e+14 1.224088e+08 -1.334879e+08 -8.813214e+10
5.899284e-05 3.255731e+14 1.095359e+08 -1.189437e+08 -8.096070e+10
5.899334e-05 3.258364e+14 9.829926e+07 -1.063262e+08 -7.454389e+10
5.899384e-05 3.260789e+14 8.845755e+07 -9.533730e+07 -6.878534e+10
5.899435e-05 3.263027e+14 7.980947e+07 -8.573145e+07 -6.360304e+10
5.899485e-05 3.265095e+14 7.218660e+07 -7.730506e+07 -5.892689e+10
5.899535e-05 3.267011e+14 6.544739e+07 -6.988867e+07 -5.469675e+10
5.899635e-05 3.270441e+14 5.416062e+07 -5.754142e+07 -4.737442e+10
