5.894000000000973e-05 3.416397341795318e+14 5.902825414168087e+07 9.426633209291792e+07 6.089277748927681e+10 
5.894020000000972e-05 3.415717993124722e+14 6.159692766654030e+07 9.820384734663303e+07 6.280985707494710e+10 
5.894040000000971e-05 3.415017666790414e+14 6.430715320756619e+07 1.023479157471766e+08 6.480804276626454e+10 
5.894060000000974e-05 3.414295470156114e+14 6.716840516630572e+07 1.067115869359656e+08 6.689165663036154e+10 
5.894080000000974e-05 3.413550462718412e+14 7.019090563193196e+07 1.113088754726215e+08 6.906529920124788e+10 
5.894100000000973e-05 3.412781653039068e+14 7.338569338054532e+07 1.161548404176122e+08 7.133387056987265e+10 
5.894120000000973e-05 3.411987995394500e+14 7.676469825033933e+07 1.212656763941400e+08 7.370259330372067e+10 
5.894140000000975e-05 3.411168386157480e+14 8.034082462617886e+07 1.266588104139877e+08 7.617703739556366e+10 
5.894160000000974e-05 3.410321659978317e+14 8.412804341567494e+07 1.323530088201212e+08 7.876314742519461e+10 
5.894180000000976e-05 3.409446585558798e+14 8.814149271750158e+07 1.383684969622554e+08 8.146727217756776e+10 
5.894200000000976e-05 3.408541861156354e+14 9.239759247948387e+07 1.447270844769365e+08 8.429619694965031e+10 
5.894220000000976e-05 3.407606109732582e+14 9.691416749621665e+07 1.514523112954487e+08 8.725717882820163e+10 
5.894240000000978e-05 3.406637873619349e+14 1.017105877429067e+08 1.585696009887470e+08 9.035798523840961e+10 
5.894260000000978e-05 3.405635608891578e+14 1.068079199238354e+08 1.661064381075996e+08 9.360693615812630e+10 
5.894280000000977e-05 3.404597679140157e+14 1.122291044861752e+08 1.740925485695169e+08 9.701295032166338e+10 
5.894300000000979e-05 3.403522348786581e+14 1.179991419689905e+08 1.825601181740794e+08 1.005855958593543e+11 
5.894320000000979e-05 3.402407775815507e+14 1.241453092918914e+08 1.915440191665879e+08 1.043351459105903e+11 
5.894340000000980e-05 3.401252003860913e+14 1.306973996510499e+08 2.010820636950836e+08 1.082726396499370e+11 
5.894360000000979e-05 3.400052953656892e+14 1.376879818387995e+08 2.112152990020513e+08 1.124099494974689e+11 
5.894380000000979e-05 3.398808413664018e+14 1.451527150668166e+08 2.219882950503903e+08 1.167598550551032e+11 
5.894400000000982e-05 3.397516029895077e+14 1.531306961984834e+08 2.334495429367168e+08 1.213361245500887e+11 
5.894420000000981e-05 3.396173294812973e+14 1.616649925602978e+08 2.456519960697132e+08 1.261536444094127e+11 
5.894440000000982e-05 3.394777535249137e+14 1.708024580628823e+08 2.586528971626576e+08 1.312285330798309e+11 
5.894460000000982e-05 3.393325899132708e+14 1.805949153263561e+08 2.725148085076850e+08 1.365779912933704e+11 
5.894480000000983e-05 3.391815340987444e+14 1.910993699167762e+08 2.873060369794788e+08 1.422207435415538e+11 
5.894500000000983e-05 3.390242606136028e+14 2.023786955855327e+08 3.031011332524935e+08 1.481770590259037e+11 
5.894520000000983e-05 3.388604213216261e+14 2.145022804818313e+08 3.199816015829532e+08 1.544689013461396e+11 
5.894540000000984e-05 3.386896435183879e+14 2.275468272446764e+08 3.380365968916835e+08 1.611200951179123e+11 
5.894560000000985e-05 3.385115278257473e+14 2.415972325132960e+08 3.573637403731615e+08 1.681565113522422e+11 
5.894580000000985e-05 3.383256458853973e+14 2.567476027415095e+08 3.780700069194940e+08 1.756062738811305e+11 
5.894600000000985e-05 3.381315378158174e+14 2.731023393786381e+08 4.002728055548524e+08 1.834999901991810e+11 
5.894620000000987e-05 3.379287094057869e+14 2.907775519972813e+08 4.241009662344391e+08 1.918710092455719e+11 
5.894640000000986e-05 3.377166290103186e+14 3.099024312831053e+08 4.496961367697862e+08 2.007557097287699e+11 
5.894660000000988e-05 3.374947241280832e+14 3.306210003950646e+08 4.772141229098563e+08 2.101938238176803e+11 
5.894680000000987e-05 3.372623775965823e+14 3.530940153876564e+08 5.068265110783947e+08 2.202288004125374e+11 
5.894700000000987e-05 3.370189233820799e+14 3.775013327705885e+08 5.387222644463532e+08 2.309082132312658e+11 
5.894720000000989e-05 3.367636418990164e+14 4.040442081123160e+08 5.731099906381259e+08 2.422842214805532e+11 
5.894740000000988e-05 3.364957547994162e+14 4.329483421117089e+08 6.102200075009378e+08 2.544140884423570e+11 
5.894760000000990e-05 3.362144191787221e+14 4.644674515730631e+08 6.503066086422527e+08 2.673607686373348e+11 
5.894780000000990e-05 3.359187210905546e+14 4.988868427970902e+08 6.936511647247852e+08 2.811935712496788e+11 
5.894800000000991e-05 3.356076683173505e+14 5.365280606936773e+08 7.405650335252210e+08 2.959889136557403e+11 
5.894820000000991e-05 3.352801822632498e+14 5.777540243595164e+08 7.913930553913804e+08 3.118311771335854e+11 
5.894840000000992e-05 3.349350888689605e+14 6.229751061653781e+08 8.465173032523758e+08 3.288136796740506e+11 
5.894860000000993e-05 3.345711084008302e+14 6.726555531268053e+08 9.063618670138199e+08 3.470397875413236e+11 
5.894880000000993e-05 3.341868439612227e+14 7.273224323686856e+08 9.713966956691509e+08 3.666241839049807e+11 
5.894900000000993e-05 3.337807685333523e+14 7.875739342300673e+08 1.042143828140200e+09 3.876943198506322e+11 
5.894920000000994e-05 3.333512103482707e+14 8.540905380163563e+08 1.119182807400544e+09 4.103920809265250e+11 
5.894940000000994e-05 3.328963363200993e+14 9.276472794378052e+08 1.203157253172929e+09 4.348757017538560e+11 
5.894960000000995e-05 3.324141332692825e+14 1.009128297063203e+09 1.294781724302258e+09 4.613219689046631e+11 
5.894980000000995e-05 3.319023865770846e+14 1.099542075341215e+09 1.394850579252018e+09 4.899287676893238e+11 
5.895000000000994e-05 3.313586558948738e+14 1.200042746040420e+09 1.504244264557058e+09 5.209180250954697e+11 
5.895020000000996e-05 3.307802474170992e+14 1.311949434599126e+09 1.623940498013206e+09 5.545391209199741e+11 
5.895040000000995e-05 3.301641819360091e+14 1.436812590364099e+09 1.755007911878098e+09 5.910731618140314e+11 
5.895060000000996e-05 3.295071582119572e+14 1.576420055800398e+09 1.898642860310932e+09 6.308376733343055e+11 
5.895080000000996e-05 3.288055098307720e+14 1.732348400851651e+09 2.056293754995544e+09 6.741928008711783e+11 
5.895100000000997e-05 3.280551422659031e+14 1.908978276638739e+09 2.229391111202260e+09 7.215603875580399e+11 
5.895120000000998e-05 3.272515326329097e+14 2.105687691386215e+09 2.419725640586146e+09 7.733803008048336e+11 
5.895140000000998e-05 3.263895573641199e+14 2.327632627101635e+09 2.629682944724179e+09 8.302161723342819e+11 
5.895160000000999e-05 3.254635673122144e+14 2.577436241229698e+09 2.859882582795911e+09 8.926036574369028e+11 
5.895180000000999e-05 3.244671963893084e+14 2.856604964171595e+09 3.113283099617848e+09 9.612729008723506e+11 
5.895200000001000e-05 3.233932169201801e+14 3.179225318245419e+09 3.394736562739987e+09 1.036965353349718e+12 
5.895220000001000e-05 3.222337015566400e+14 3.527684682202995e+09 3.693565154434719e+09 1.120568626403253e+12 
5.895240000001000e-05 3.209794545359921e+14 3.920821906620312e+09 4.023248430580956e+09 1.213270951908398e+12 
5.895260000001001e-05 3.196200880082858e+14 4.378924381059098e+09 4.393789189571517e+09 1.316081770347052e+12 
5.895280000001002e-05 3.181439426122252e+14 4.892329308003257e+09 4.805457479877061e+09 1.430508388776185e+12 
5.895300000001002e-05 3.165377125914745e+14 5.467595074879137e+09 5.256525266682691e+09 1.558109073422722e+12 
5.895320000001003e-05 3.147861547902350e+14 6.111525819734759e+09 5.754607339961174e+09 1.700783536378727e+12 
5.895340000001003e-05 3.128718376666754e+14 6.829300854219105e+09 6.309387587189196e+09 1.860695401350587e+12 
5.895360000001003e-05 3.107748571731719e+14 7.626983203743607e+09 6.923742239799322e+09 2.040433117156262e+12 
5.895380000001004e-05 3.084722164288957e+14 8.502526199946179e+09 7.625071194455735e+09 2.242923382610512e+12 
5.895400000001005e-05 3.059375289810745e+14 9.456680968440598e+09 8.429096450600943e+09 2.471675178085653e+12 
5.895420000001005e-05 3.031402967203831e+14 1.048793250294914e+10 9.371102710043722e+09 2.730743444265625e+12 
5.895440000001006e-05 3.000452724674776e+14 1.159071404793444e+10 1.050582828768819e+10 3.024876625415572e+12 
5.895460000001006e-05 2.966116597811481e+14 1.276290755137757e+10 1.191411072668401e+10 3.359612621029190e+12 
5.895480000001006e-05 2.927922065472506e+14 1.401352288559212e+10 1.371372279062852e+10 3.741379432194636e+12 
5.895500000001008e-05 2.885321993498091e+14 1.537848858834694e+10 1.606751792488634e+10 4.177597963778116e+12 
5.895520000001007e-05 2.837683813011739e+14 1.694393054845138e+10 1.918463855993541e+10 4.676726739454322e+12 
5.895540000001008e-05 2.784278650062640e+14 1.887188084102755e+10 2.330509545595090e+10 5.248233351180799e+12 
5.895560000001008e-05 2.724271693010207e+14 2.141131584732208e+10 2.866179455550482e+10 5.902420443178476e+12 
5.895580000001010e-05 2.656716224160634e+14 2.486421495925198e+10 3.543221676769940e+10 6.649970302208009e+12 
5.895600000001009e-05 2.580555429773743e+14 2.948760805259373e+10 4.373331664812448e+10 7.501021280833360e+12 
5.895620000001009e-05 2.494638003228882e+14 3.539409512400405e+10 5.375278006193434e+10 8.463534213273262e+12 
5.895640000001011e-05 2.397760112697149e+14 4.258222518524837e+10 6.597320154442509e+10 9.540424079858457e+12 
5.895660000001011e-05 2.288749538525528e+14 5.137718105708743e+10 8.115334095423860e+10 1.072464600229721e+13 
5.895680000001011e-05 2.166605406839833e+14 6.250141906307628e+10 1.000035601593378e+11 1.199256884928998e+13 
5.895700000001011e-05 2.030713167325251e+14 7.628623522325568e+10 1.227019353911038e+11 1.329673438794451e+13 
5.895720000001013e-05 1.881035354016333e+14 9.284775846979730e+10 1.500986978579222e+11 1.456607315360226e+13 
5.895740000001013e-05 1.717892388037207e+14 1.127902561996759e+11 1.841894452982578e+11 1.575472780404164e+13 
5.895760000001012e-05 1.539844400824765e+14 1.406663299716693e+11 2.318152345826239e+11 1.702737428116673e+13 
5.895780000001013e-05 1.337867326442884e+14 1.934283904140427e+11 3.111073353608508e+11 1.905133011053796e+13 
5.895800000001013e-05 1.092187482943473e+14 3.466197996631154e+11 4.548558163356417e+11 2.244387509625040e+13 
5.895820000001014e-05 7.920889606887795e+13 7.503553476974740e+11 6.652757999899086e+11 2.605896714929563e+13 
5.895840000001015e-05 4.811496463040770e+13 1.058404472090115e+12 6.900232184790054e+11 2.510590551849372e+13 
5.895860000001015e-05 2.589654441327569e+13 6.711834956312958e+11 3.290745924689234e+11 1.443239354909958e+13 
5.895880000001015e-05 1.372078679882286e+13 1.967419699910122e+11 5.540148128922067e+10 5.041588305875448e+12 
5.895900000001016e-05 9.478611885269270e+12 3.142799923935205e+10 -3.402232986081746e+10 1.428119851729625e+12 
5.895920000001017e-05 8.450525130808586e+12 1.295469633354351e+09 -5.095400391275063e+10 1.604678672274842e+11 
5.895940000001016e-05 8.893819078244133e+12 1.330035937089736e+10 -4.426880276669250e+10 -8.477641091299138e+11 
5.895960000001018e-05 1.157201495536656e+13 1.086482293868862e+11 8.482932500077217e+09 -3.250563976839259e+12 
5.895980000001018e-05 2.032538578584791e+13 4.682996531727822e+11 2.039408940084996e+11 -1.032298730513351e+13 
5.896000000001019e-05 3.899622562814784e+13 9.871925754894045e+11 5.829863693774495e+11 -2.202765012593434e+13 
5.896020000001019e-05 6.748699589665345e+13 9.222510387342074e+11 7.215979674590100e+11 -2.674962065455695e+13 
5.896040000001018e-05 9.901849885621264e+13 4.581414597141915e+11 5.266427943500396e+11 -2.385862108903115e+13 
5.896060000001020e-05 1.255737767953562e+14 2.293833752986153e+11 3.539558277089299e+11 -2.012392939223746e+13 
5.896080000001020e-05 1.470821525955678e+14 1.549267159329701e+11 2.550740085106123e+11 -1.761818496503057e+13 
5.896100000001020e-05 1.655823164210234e+14 1.214174401160815e+11 1.993526304236564e+11 -1.618200415612363e+13 
5.896120000001021e-05 1.823909400649802e+14 9.963217820001363e+10 1.614062585516393e+11 -1.499985798109196e+13 
5.896140000001022e-05 1.978438507928724e+14 8.187394257601331e+10 1.319059072264249e+11 -1.375958114374822e+13 
5.896160000001023e-05 2.119296305467761e+14 6.715038200399332e+10 1.076857590297866e+11 -1.245878715994485e+13 
5.896180000001023e-05 2.246313297555626e+14 5.506268972279992e+10 8.746643256447371e+10 -1.117062391042826e+13 
5.896200000001023e-05 2.359915691518558e+14 4.551908152700091e+10 7.102179364264360e+10 -9.952371978655904e+12 
5.896220000001023e-05 2.460993891779752e+14 3.781769693024696e+10 5.784192160599609e+10 -8.835225918486258e+12 
5.896240000001024e-05 2.550677337192502e+14 3.145239251866891e+10 4.710257583298131e+10 -7.831510471320179e+12 
5.896260000001024e-05 2.630172089866364e+14 2.637397872799437e+10 3.821964397415531e+10 -6.941123541379438e+12 
5.896280000001025e-05 2.700655674858435e+14 2.252486307988512e+10 3.091229533571992e+10 -6.157493981380196e+12 
5.896300000001026e-05 2.763222003189134e+14 1.969320820436340e+10 2.506534407923018e+10 -5.471024112776479e+12 
5.896320000001026e-05 2.818858476001100e+14 1.757896476957823e+10 2.052702005659710e+10 -4.871082139678646e+12 
5.896340000001026e-05 2.868439993130568e+14 1.590681174142192e+10 1.707914241595460e+10 -4.347151414276408e+12 
5.896360000001027e-05 2.912732718459658e+14 1.448320938674971e+10 1.447857310227945e+10 -3.889428303389955e+12 
5.896380000001027e-05 2.952402761648964e+14 1.319760519280831e+10 1.250208800277227e+10 -3.489081100220562e+12 
5.896400000001028e-05 2.988026808308684e+14 1.199909041647723e+10 1.096976813499789e+10 -3.138313586672634e+12 
5.896420000001028e-05 3.020103076726314e+14 1.087133373873644e+10 9.748321270475317e+09 -2.830350976676733e+12 
5.896440000001029e-05 3.049061699509069e+14 9.813785561821093e+09 8.744867151267534e+09 -2.559345880097820e+12 
5.896460000001029e-05 3.075274153055414e+14 8.830835107337103e+09 7.897025131485279e+09 -2.320276006135288e+12 
5.896480000001029e-05 3.099061662805833e+14 7.927443573544180e+09 7.162449575317909e+09 -2.108846354269453e+12 
5.896500000001031e-05 3.120702298574507e+14 7.101369022357641e+09 6.519680911258707e+09 -1.921375573230788e+12 
5.896520000001030e-05 3.140437399962329e+14 6.356697935701322e+09 5.943042406910170e+09 -1.754712100622179e+12 
5.896540000001032e-05 3.158476620943163e+14 5.687758416855855e+09 5.427496376522805e+09 -1.606161812829653e+12 
5.896560000001032e-05 3.175002918412364e+14 5.089881082671027e+09 4.964607146154997e+09 -1.473426417618855e+12 
5.896580000001032e-05 3.190175830854992e+14 4.558050225066231e+09 4.543532379983020e+09 -1.354533608793228e+12 
5.896600000001033e-05 3.204135354363661e+14 4.086245301328139e+09 4.161393804621497e+09 -1.247772328841183e+12 
5.896620000001032e-05 3.217004275397682e+14 3.667862571618982e+09 3.814083069753225e+09 -1.151689837348054e+12 
5.896640000001033e-05 3.228890333924719e+14 3.293119188435569e+09 3.494620402654338e+09 -1.064979603533472e+12 
5.896660000001033e-05 3.239888915644749e+14 2.961092655410038e+09 3.204337236939997e+09 -9.865534539787589e+11 
5.896680000001035e-05 3.250084471278621e+14 2.671620026358480e+09 2.945204352476510e+09 -9.155196194817771e+11 
5.896700000001035e-05 3.259550973577644e+14 2.410321012687204e+09 2.706787562898789e+09 -8.509896050423921e+11 
5.896720000001036e-05 3.268355444249394e+14 2.181551372126650e+09 2.490129120590426e+09 -7.922899638273053e+11 
5.896740000001036e-05 3.276557239292922e+14 1.974634936826183e+09 2.293205485164694e+09 -7.387632527880996e+11 
5.896760000001037e-05 3.284208741989900e+14 1.791753491350642e+09 2.114248068676803e+09 -6.898929578160059e+11 
5.896780000001036e-05 3.291357577750005e+14 1.628733926369108e+09 1.951380348350760e+09 -6.451802759823151e+11 
5.896800000001036e-05 3.298046149804943e+14 1.483168266591219e+09 1.803040055537851e+09 -6.041975076197683e+11 
5.896820000001038e-05 3.304312508335239e+14 1.353381096581694e+09 1.667685867924916e+09 -5.665709945355626e+11 
5.896840000001038e-05 3.310190955041781e+14 1.237126611969218e+09 1.544120743933191e+09 -5.319652668034203e+11 
5.896860000001039e-05 3.315712386981832e+14 1.132794957900093e+09 1.431227726208102e+09 -5.000870248783514e+11 
5.896880000001039e-05 3.320904723099602e+14 1.038995772004144e+09 1.327995917598999e+09 -4.706761441750458e+11 
5.896900000001040e-05 3.325793238878360e+14 9.545195223930964e+08 1.233510438760270e+09 -4.435013367669771e+11 
5.896920000001041e-05 3.330400857203751e+14 8.783078373337122e+08 1.146947431153719e+09 -4.183565171533168e+11 
5.896940000001041e-05 3.334748403173598e+14 8.094349213311725e+08 1.067564209602826e+09 -3.950577017030341e+11 
5.896960000001042e-05 3.338854827542159e+14 7.470882233834538e+08 9.946931277486309e+08 -3.734403284552154e+11 
5.896980000001041e-05 3.342737403340339e+14 6.905554461023591e+08 9.277323293715440e+08 -3.533569346081654e+11 
5.897000000001042e-05 3.346411899151539e+14 6.392105859601498e+08 8.661399151258498e+08 -3.346751452698698e+11 
5.897020000001042e-05 3.349892731973892e+14 5.925023775758495e+08 8.094281402057272e+08 -3.172759216935773e+11 
5.897040000001043e-05 3.353193102606168e+14 5.499454617389551e+08 7.571570249434121e+08 -3.010520378230582e+11 
5.897060000001044e-05 3.356325115565831e+14 5.111113789550165e+08 7.089299376814154e+08 -2.859067479239155e+11 
5.897080000001044e-05 3.359299885537450e+14 4.756209679638984e+08 6.643894850552360e+08 -2.717526233550349e+11 
5.897100000001044e-05 3.362127632159642e+14 4.431388007298319e+08 6.232127437117385e+08 -2.585105308927701e+11 
5.897120000001046e-05 3.364817764444852e+14 4.133673213544214e+08 5.851080947117087e+08 -2.461087377484719e+11 
5.897140000001046e-05 3.367378956059391e+14 3.860422144038135e+08 5.498119181392207e+08 -2.344821233453719e+11 
5.897160000001046e-05 3.369819212776034e+14 3.609282910367442e+08 5.170857426079697e+08 -2.235714844946989e+11 
5.897180000001046e-05 3.372145932739361e+14 3.378160881563873e+08 4.867135075486386e+08 -2.133229228134149e+11 
5.897200000001047e-05 3.374365960661307e+14 3.165184907089415e+08 4.584996012473895e+08 -2.036873025828947e+11 
5.897220000001047e-05 3.376485636361452e+14 2.968683516639640e+08 4.322664615145721e+08 -1.946197700014053e+11 
5.897240000001049e-05 3.378510838563116e+14 2.787160065961573e+08 4.078529137639861e+08 -1.860793275018166e+11 
5.897260000001048e-05 3.380447024294799e+14 2.619272677568309e+08 3.851124955556059e+08 -1.780284549584648e+11 
5.897280000001048e-05 3.382299264459079e+14 2.463816452526224e+08 3.639119909696915e+08 -1.704327726562017e+11 
5.897300000001050e-05 3.384072275940379e+14 2.319707819920157e+08 3.441301310752420e+08 -1.632607406239455e+11 
5.897320000001049e-05 3.385770450722416e+14 2.185971387986220e+08 3.256563598713207e+08 -1.564833905579977e+11 
5.897340000001050e-05 3.387397882210662e+14 2.061727007620381e+08 3.083899128450417e+08 -1.500740859172241e+11 
5.897360000001050e-05 3.388958389130727e+14 1.946180252799257e+08 2.922387478593323e+08 -1.440083068982763e+11 
5.897380000001052e-05 3.390455537250269e+14 1.838612680375025e+08 2.771187690348632e+08 -1.382634579883657e+11 
5.897400000001052e-05 3.391892659114926e+14 1.738373783220960e+08 2.629530590854622e+08 -1.328186949772687e+11 
5.897420000001053e-05 3.393272872050964e+14 1.644873766875795e+08 2.496712070225455e+08 -1.276547693632768e+11 
5.897440000001054e-05 3.394599094499568e+14 1.557577140037208e+08 2.372086922451300e+08 -1.227539656205059e+11 
5.897460000001052e-05 3.395874061017208e+14 1.475998759775715e+08 2.255065041279412e+08 -1.180998078531001e+11 
5.897480000001054e-05 3.397100335977054e+14 1.399695187452594e+08 2.145102066995974e+08 -1.136769679049200e+11 
5.897500000001053e-05 3.398280325983156e+14 1.328262124760269e+08 2.041698015700575e+08 -1.094713124860894e+11 
5.897520000001055e-05 3.399416291419270e+14 1.261331565684726e+08 1.944394083764818e+08 -1.054697275725974e+11 
5.897540000001055e-05 3.400510356863326e+14 1.198567526203039e+08 1.852767892015809e+08 -1.016600340875500e+11 
5.897560000001056e-05 3.401564520762902e+14 1.139662836613685e+08 1.766430382929095e+08 -9.803091133702594e+10 
5.897580000001055e-05 3.402580664286153e+14 1.084336304769413e+08 1.685022999267832e+08 -9.457182758093976e+10 
5.897600000001056e-05 3.403560559404698e+14 1.032330353992334e+08 1.608214829432838e+08 -9.127297682500937e+10 
5.897620000001056e-05 3.404505876464276e+14 9.834087323938482e+07 1.535700332308694e+08 -8.812522140698253e+10 
5.897640000001057e-05 3.405418190996911e+14 9.373545322034399e+07 1.467197153752503e+08 -8.512003962504851e+10 
5.897660000001058e-05 3.406298990133331e+14 8.939684278130873e+07 1.402444120840453e+08 -8.224947803400937e+10 
5.897680000001059e-05 3.407149678429775e+14 8.530670278603192e+07 1.341199546284722e+08 -7.950610788001181e+10 
5.897700000001059e-05 3.407971583347758e+14 8.144814805321313e+07 1.283239524231731e+08 -7.688298528714639e+10 
5.897720000001059e-05 3.408765960189546e+14 7.780561524840534e+07 1.228356508079310e+08 -7.437361486024316e+10 
5.897740000001060e-05 3.409533996813796e+14 7.436474741330776e+07 1.176357947911330e+08 -7.197191637469928e+10 
5.897760000001060e-05 3.410276817849816e+14 7.111228683678705e+07 1.127065110978506e+08 -6.967219423869405e+10 
5.897780000001060e-05 3.410995488736774e+14 6.803598166584249e+07 1.080311937252860e+08 -6.746910949012521e+10 
5.897800000001059e-05 3.411691019392474e+14 6.512449900110806e+07 1.035944048554586e+08 -6.535765409954655e+10 
5.897820000001062e-05 3.412364367636958e+14 6.236734715097930e+07 9.938178253040664e+07 -6.333312735144140e+10 
5.897840000001062e-05 3.413016442369744e+14 5.975480546872292e+07 9.537995571978839e+07 -6.139111413618444e+10 
5.897860000001063e-05 3.413648106570036e+14 5.727785969341910e+07 9.157646913180228e+07 -5.952746496793778e+10 
5.897880000001063e-05 3.414260179970433e+14 5.492814445894070e+07 8.795971157329366e+07 -5.773827757089388e+10 
5.897900000001063e-05 3.414853441692619e+14 5.269789045239097e+07 8.451885182064439e+07 -5.601987992171356e+10 
5.897920000001064e-05 3.415428632607694e+14 5.057987631375967e+07 8.124377997766702e+07 -5.436881459326747e+10 
5.897940000001064e-05 3.415986457556848e+14 4.856738483498946e+07 7.812505378614897e+07 -5.278182430533259e+10 
5.897960000001065e-05 3.416527587436670e+14 4.665416335722215e+07 7.515384851978619e+07 -5.125583856878693e+10 
5.898000000000978e-05 3.417562287298526e+14 4.310262728514256e+07 6.962152172654712e+07 -4.837545960772170e+10 
