1 2.119280000000000e+08 3.463523977621185e+01 2.216458564472769e-02 5.740858766079417e-04 1.853297198681225e-04 6.752405533520803e+05 2.042111426322609e-12 
2 2.008369920000000e+08 1.246108494320678e+02 8.742872198062948e-02 2.467190111489782e-03 8.072302502857621e-04 1.306076433884458e+06 7.787378116965323e-13 
3 1.897460000000000e+08 4.793729942364292e+02 3.774305664217261e-01 1.185053856634832e-02 3.929845908475148e-03 2.725029615750947e+06 5.577388455597209e-14 
4 1.786550080000000e+08 1.917632116302916e+03 1.623575916977977e+00 5.394065315137186e-02 1.802779291243588e-02 6.980836721632036e+06 1.250683355981986e-15 
5 1.675640000000000e+08 7.205182236416726e+03 6.053105943867892e+00 1.848280781352575e-01 6.147577598834776e-02 2.383244639019488e+07 1.413155580931115e-17 
6 1.564729920000000e+08 2.924362247999711e+04 2.858479695768937e+01 7.714746824208889e-01 2.531917385567415e-01 1.108575540632914e+08 9.791112868919730e-20 
7 1.453820000000000e+08 9.818442785890694e+04 1.295594357632101e+02 3.144939461683559e+00 1.022969126288538e+00 4.971999304918137e+08 5.863120921848782e-22 
8 1.342910080000000e+08 2.203137789210251e+05 3.877779704757071e+02 8.801129776427450e+00 2.871730076761971e+00 1.527192101921427e+09 7.830406807377461e-24 
9 1.232000000000000e+08 4.255356609579023e+05 9.232298681670158e+02 2.005505561434776e+01 6.646541944858425e+00 3.808280660425609e+09 1.350991889436011e-25 
10 1.121090000000000e+08 8.636667690445347e+05 2.136909911616360e+03 4.508022419144187e+01 1.539975425022339e+01 8.616274840159258e+09 1.048462308586762e-27 
11 1.010180000000000e+08 2.362804048346247e+06 6.164400112093551e+03 1.301309242667031e+02 4.643621836871519e+01 1.766229359383486e+10 4.097837989029213e-30 
12 8.992660000000000e+07 5.729837686729026e+06 1.451024997277201e+04 3.084890222545538e+02 1.174409869989165e+02 3.011437615309378e+10 1.789351130838113e-32 
13 7.883560000000000e+07 1.137791134943717e+07 2.625225629194000e+04 5.634718309779626e+02 2.342878128632594e+02 4.632126064698295e+10 2.313901379409324e-34 
14 6.774460000000000e+07 2.105202389824192e+07 4.551013971945381e+04 1.017680388616932e+03 4.675158843262495e+02 6.920306840806665e+10 2.072748693465252e-35 
15 5.665350000000000e+07 3.855462684435819e+07 9.448983600485112e+04 2.413747436704682e+03 1.213873975965721e+03 1.008623020270380e+11 7.859539390118019e-35 
16 4.556250000000000e+07 6.645143175197218e+07 2.548080283610804e+05 9.051165390516366e+03 4.876363282434328e+03 1.357872646941315e+11 4.767999191334327e-31 
17 3.447150000000000e+07 8.337269383390185e+07 5.933157698477487e+05 3.358798954645205e+04 2.021096703997775e+04 1.701251450410909e+11 5.753349403911325e-26 
18 2.338040000000000e+07 1.243302991475632e+08 1.696224199260308e+06 1.584165517289595e+05 1.131855819169041e+05 2.118421633050578e+11 2.000349213255860e-21 
19 1.228940000000000e+07 1.859072769260999e+08 4.160444341767471e+06 5.511954111289991e+05 4.719699579631413e+05 2.438292543565241e+11 4.151702511305304e-18 
20 1.198360000000000e+06 2.192891932553888e+08 6.492669280918505e+06 1.022338325133498e+06 9.617335729067827e+05 2.650992377370054e+11 4.848331184332366e-16 
21 -9.892670000000000e+06 2.493096797578745e+08 8.117168509569968e+06 1.351422862675838e+06 1.307013050224964e+06 2.944404238647483e+11 2.749553099563062e-15 
