2.058687530772691e+06
-2.063053324494136e+06
1.859905564052963e+08
-2.645769911777574e+06
2.645769911777574e+06
0.000000000000000e+00
-2.306833753443349e+06
2.306833753443349e+06
0.000000000000000e+00
-2.130680281300215e+06
2.130680281300215e+06
0.000000000000000e+00
-1.757890202037316e+06
1.757890202037316e+06
0.000000000000000e+00
-1.312842625531979e+06
1.312842625531979e+06
0.000000000000000e+00
-9.508240490040265e+05
9.508240490040265e+05
0.000000000000000e+00
-6.741938874774583e+05
6.741938874774583e+05
0.000000000000000e+00
-3.916857133561817e+05
3.916857133561817e+05
0.000000000000000e+00
-1.490757958311564e+05
1.490757958311564e+05
0.000000000000000e+00
-3.249433349818187e+04
3.249433349818187e+04
0.000000000000000e+00
-8.420982127807491e+03
8.420982127807491e+03
0.000000000000000e+00
-9.009031986181371e+03
9.009031986181371e+03
0.000000000000000e+00
-1.239264417233724e+04
1.239264417233724e+04
0.000000000000000e+00
-1.679989079194722e+04
1.679989079194722e+04
0.000000000000000e+00
-2.173909929825232e+04
2.173909929825232e+04
0.000000000000000e+00
-2.526175798373888e+04
2.526175798373888e+04
0.000000000000000e+00
-2.424539696249970e+04
2.424539696249970e+04
0.000000000000000e+00
-1.661617276552133e+04
1.661617276552133e+04
0.000000000000000e+00
-6.420829418688641e+03
6.420829418688641e+03
0.000000000000000e+00
-8.151480164479462e+02
8.151480164479462e+02
0.000000000000000e+00
2.562559317728362e+02
-2.562559317728362e+02
0.000000000000000e+00
4.387028816426751e+02
-4.387028816426751e+02
0.000000000000000e+00
5.925784112034025e+02
-5.925784112034025e+02
0.000000000000000e+00
6.830291117191937e+02
-6.830291117191937e+02
0.000000000000000e+00
6.591758338284366e+02
-6.591758338284366e+02
0.000000000000000e+00
5.314932659679944e+02
-5.314932659679944e+02
0.000000000000000e+00
3.540347995556591e+02
-3.540347995556591e+02
0.000000000000000e+00
1.847958939634273e+02
-1.847958939634273e+02
0.000000000000000e+00
6.866109137109768e+01
-6.866109137109768e+01
0.000000000000000e+00
1.549694601917895e+01
-1.549694601917895e+01
0.000000000000000e+00
2.064655929393636e+06
-2.064655929393636e+06
0.000000000000000e+00
4.042961691865016e+05
-4.125251418275913e+05
2.319694585589981e+08
-6.705643912215183e+06
6.705643912215183e+06
0.000000000000000e+00
-5.550341470253552e+06
5.550341470253552e+06
0.000000000000000e+00
-4.529018284756682e+06
4.529018284756682e+06
0.000000000000000e+00
-3.312938876654716e+06
3.312938876654716e+06
0.000000000000000e+00
-2.345038853701120e+06
2.345038853701120e+06
0.000000000000000e+00
-1.642868875709202e+06
1.642868875709202e+06
0.000000000000000e+00
-9.515793490682507e+05
9.515793490682507e+05
0.000000000000000e+00
-3.607606777200649e+05
3.607606777200649e+05
0.000000000000000e+00
-7.642429407216828e+04
7.642429407216828e+04
0.000000000000000e+00
-1.683712963157086e+04
1.683712963157086e+04
0.000000000000000e+00
-1.686214469930725e+04
1.686214469930725e+04
0.000000000000000e+00
-2.317180719633438e+04
2.317180719633438e+04
0.000000000000000e+00
-3.140828787687663e+04
3.140828787687663e+04
0.000000000000000e+00
-4.063324022484310e+04
4.063324022484310e+04
0.000000000000000e+00
-4.719659958851831e+04
4.719659958851831e+04
0.000000000000000e+00
-4.524839385170917e+04
4.524839385170917e+04
0.000000000000000e+00
-3.089375752400720e+04
3.089375752400720e+04
0.000000000000000e+00
-1.167874469284797e+04
1.167874469284797e+04
0.000000000000000e+00
-9.645271837574199e+02
9.645271837574199e+02
0.000000000000000e+00
1.350570878131982e+03
-1.350570878131982e+03
0.000000000000000e+00
2.015045033842424e+03
-2.015045033842424e+03
0.000000000000000e+00
2.492724944546735e+03
-2.492724944546735e+03
0.000000000000000e+00
2.634029191805389e+03
-2.634029191805389e+03
0.000000000000000e+00
2.438474372011467e+03
-2.438474372011467e+03
0.000000000000000e+00
1.979002340197637e+03
-1.979002340197637e+03
0.000000000000000e+00
1.348076148465309e+03
-1.348076148465309e+03
0.000000000000000e+00
7.219563712276457e+02
-7.219563712276457e+02
0.000000000000000e+00
2.747694716419346e+02
-2.747694716419346e+02
0.000000000000000e+00
6.319104030687866e+01
-6.319104030687866e+01
0.000000000000000e+00
1.676525434416489e+06
-1.676525434416489e+06
0.000000000000000e+00
3.624720134553652e+06
-3.624720134553652e+06
0.000000000000000e+00
6.934230151101525e+05
-7.091351079153847e+05
2.882609482709808e+08
-9.756819736352503e+06
9.756819736352503e+06
0.000000000000000e+00
-6.886617621772461e+06
6.886617621772461e+06
0.000000000000000e+00
-4.938664100593550e+06
4.938664100593550e+06
0.000000000000000e+00
-3.393540588447154e+06
3.393540588447154e+06
0.000000000000000e+00
-2.339504361996570e+06
2.339504361996570e+06
0.000000000000000e+00
-1.350391822744797e+06
1.350391822744797e+06
0.000000000000000e+00
-5.108232259865396e+05
5.108232259865396e+05
0.000000000000000e+00
-1.065132126057295e+05
1.065132126057295e+05
0.000000000000000e+00
-2.111765029631773e+04
2.111765029631773e+04
0.000000000000000e+00
-2.007875499001475e+04
2.007875499001475e+04
0.000000000000000e+00
-2.757014921499286e+04
2.757014921499286e+04
0.000000000000000e+00
-3.736883655771793e+04
3.736883655771793e+04
0.000000000000000e+00
-4.834184685224414e+04
4.834184685224414e+04
0.000000000000000e+00
-5.614425764682254e+04
5.614425764682254e+04
0.000000000000000e+00
-5.381210348356100e+04
5.381210348356100e+04
0.000000000000000e+00
-3.670549134256319e+04
3.670549134256319e+04
0.000000000000000e+00
-1.379483425146788e+04
1.379483425146788e+04
0.000000000000000e+00
-9.672908513840897e+02
9.672908513840897e+02
0.000000000000000e+00
1.907056891632805e+03
-1.907056891632805e+03
0.000000000000000e+00
2.852196420085803e+03
-2.852196420085803e+03
0.000000000000000e+00
3.572118343842319e+03
-3.572118343842319e+03
0.000000000000000e+00
3.823901710643658e+03
-3.823901710643658e+03
0.000000000000000e+00
3.561057131438877e+03
-3.561057131438877e+03
0.000000000000000e+00
2.882403461170913e+03
-2.882403461170913e+03
0.000000000000000e+00
1.951715372954069e+03
-1.951715372954069e+03
0.000000000000000e+00
1.038171431369716e+03
-1.038171431369716e+03
0.000000000000000e+00
3.926663637658867e+02
-3.926663637658867e+02
0.000000000000000e+00
8.987704668227724e+01
-8.987704668227724e+01
0.000000000000000e+00
1.417763086805147e+06
-1.417763086805147e+06
0.000000000000000e+00
2.675490148274049e+06
-2.675490148274049e+06
0.000000000000000e+00
5.981060249938611e+06
-5.981060249938611e+06
0.000000000000000e+00
9.665998730420877e+05
-9.987191212194953e+05
3.631434187838135e+08
-1.468189750757481e+07
1.468189750757481e+07
0.000000000000000e+00
-8.377518034138297e+06
8.377518034138297e+06
0.000000000000000e+00
-5.577365133752774e+06
5.577365133752774e+06
0.000000000000000e+00
-3.731158942915318e+06
3.731158942915318e+06
0.000000000000000e+00
-2.140309380149126e+06
2.140309380149126e+06
0.000000000000000e+00
-8.079423892303617e+05
8.079423892303617e+05
0.000000000000000e+00
-1.661548562773111e+05
1.661548562773111e+05
0.000000000000000e+00
-2.969994445143066e+04
2.969994445143066e+04
0.000000000000000e+00
-2.659670474975869e+04
2.659670474975869e+04
0.000000000000000e+00
-3.648439999181007e+04
3.648439999181007e+04
0.000000000000000e+00
-4.944901491784357e+04
4.944901491784357e+04
0.000000000000000e+00
-6.396429549256579e+04
6.396429549256579e+04
0.000000000000000e+00
-7.427673271311159e+04
7.427673271311159e+04
0.000000000000000e+00
-7.116418066781302e+04
7.116418066781302e+04
0.000000000000000e+00
-4.847645459024064e+04
4.847645459024064e+04
0.000000000000000e+00
-1.807121713567221e+04
1.807121713567221e+04
0.000000000000000e+00
-9.576891974100098e+02
9.576891974100098e+02
0.000000000000000e+00
3.043964415179847e+03
-3.043964415179847e+03
0.000000000000000e+00
4.527742019926928e+03
-4.527742019926928e+03
0.000000000000000e+00
5.669240457437112e+03
-5.669240457437112e+03
0.000000000000000e+00
6.053348476918268e+03
-6.053348476918268e+03
0.000000000000000e+00
5.602232509343284e+03
-5.602232509343284e+03
0.000000000000000e+00
4.502378457701753e+03
-4.502378457701753e+03
0.000000000000000e+00
3.034726538545287e+03
-3.034726538545287e+03
0.000000000000000e+00
1.610707089667037e+03
-1.610707089667037e+03
0.000000000000000e+00
6.087063486747857e+02
-6.087063486747857e+02
0.000000000000000e+00
1.393032961843188e+02
-1.393032961843188e+02
0.000000000000000e+00
1.195618264597262e+06
-1.195618264597262e+06
0.000000000000000e+00
2.158792178889568e+06
-2.158792178889568e+06
0.000000000000000e+00
4.064160608013966e+06
-4.064160608013966e+06
0.000000000000000e+00
1.001617422972808e+07
-1.001617422972808e+07
0.000000000000000e+00
1.369729762092274e+06
-1.440806561740474e+06
4.657213683536835e+08
-2.237653335606666e+07
2.237653335606666e+07
0.000000000000000e+00
-9.788253261413362e+06
9.788253261413362e+06
0.000000000000000e+00
-6.616874382300867e+06
6.616874382300867e+06
0.000000000000000e+00
-3.732585690091452e+06
3.732585690091452e+06
0.000000000000000e+00
-1.405407142528214e+06
1.405407142528214e+06
0.000000000000000e+00
-2.853225000845731e+05
2.853225000845731e+05
0.000000000000000e+00
-4.573910916022712e+04
4.573910916022712e+04
0.000000000000000e+00
-3.800493745774165e+04
3.800493745774165e+04
0.000000000000000e+00
-5.206754790597433e+04
5.206754790597433e+04
0.000000000000000e+00
-7.056891736961264e+04
7.056891736961264e+04
0.000000000000000e+00
-9.128243489748842e+04
9.128243489748842e+04
0.000000000000000e+00
-1.059961392230725e+05
1.059961392230725e+05
0.000000000000000e+00
-1.015472397691906e+05
1.015472397691906e+05
0.000000000000000e+00
-6.915609139132482e+04
6.915609139132482e+04
0.000000000000000e+00
-2.574164131583978e+04
2.574164131583978e+04
0.000000000000000e+00
-1.282941128430183e+03
1.282941128430183e+03
0.000000000000000e+00
4.478507366453242e+03
-4.478507366453242e+03
0.000000000000000e+00
6.657588622565200e+03
-6.657588622565200e+03
0.000000000000000e+00
8.352603109018421e+03
-8.352603109018421e+03
0.000000000000000e+00
8.979379215863015e+03
-8.979379215863015e+03
0.000000000000000e+00
8.423540381808747e+03
-8.423540381808747e+03
0.000000000000000e+00
6.870513681636457e+03
-6.870513681636457e+03
0.000000000000000e+00
4.676796271348430e+03
-4.676796271348430e+03
0.000000000000000e+00
2.495747719956133e+03
-2.495747719956133e+03
0.000000000000000e+00
9.457829128533981e+02
-9.457829128533981e+02
0.000000000000000e+00
2.167132851373027e+02
-2.167132851373027e+02
0.000000000000000e+00
9.933150411661841e+05
-9.933150411661841e+05
0.000000000000000e+00
1.709991287802912e+06
-1.709991287802912e+06
0.000000000000000e+00
3.021745507655454e+06
-3.021745507655454e+06
0.000000000000000e+00
5.908217774708561e+06
-5.908217774708561e+06
0.000000000000000e+00
1.686953630946949e+07
-1.686953630946949e+07
0.000000000000000e+00
2.169488060016630e+06
-2.338503491632672e+06
6.077239715971069e+08
-3.465031467608215e+07
3.465031467608215e+07
0.000000000000000e+00
-1.070475633666061e+07
1.070475633666061e+07
0.000000000000000e+00
-7.394755995257472e+06
7.394755995257472e+06
0.000000000000000e+00
-2.714733790213018e+06
2.714733790213018e+06
0.000000000000000e+00
-5.447078101931653e+05
5.447078101931653e+05
0.000000000000000e+00
-7.827810287622646e+04
7.827810287622646e+04
0.000000000000000e+00
-5.937980612843687e+04
5.937980612843687e+04
0.000000000000000e+00
-8.121528692902108e+04
8.121528692902108e+04
0.000000000000000e+00
-1.100736491077132e+05
1.100736491077132e+05
0.000000000000000e+00
-1.423825824903489e+05
1.423825824903489e+05
0.000000000000000e+00
-1.653328426698442e+05
1.653328426698442e+05
0.000000000000000e+00
-1.583928940669358e+05
1.583928940669358e+05
0.000000000000000e+00
-1.078678908848117e+05
1.078678908848117e+05
0.000000000000000e+00
-4.014746472151086e+04
4.014746472151086e+04
0.000000000000000e+00
-1.991931656772146e+03
1.991931656772146e+03
0.000000000000000e+00
7.003738353758245e+03
-7.003738353758245e+03
0.000000000000000e+00
1.041750279789714e+04
-1.041750279789714e+04
0.000000000000000e+00
1.307961704998660e+04
-1.307961704998660e+04
0.000000000000000e+00
1.406624066193240e+04
-1.406624066193240e+04
0.000000000000000e+00
1.318664250673404e+04
-1.318664250673404e+04
0.000000000000000e+00
1.074300807529948e+04
-1.074300807529948e+04
0.000000000000000e+00
7.307825841498093e+03
-7.307825841498093e+03
0.000000000000000e+00
3.898985844888394e+03
-3.898985844888394e+03
0.000000000000000e+00
1.477643843315644e+03
-1.477643843315644e+03
0.000000000000000e+00
3.386389072381978e+02
-3.386389072381978e+02
0.000000000000000e+00
7.934847795783988e+05
-7.934847795783988e+05
0.000000000000000e+00
1.317371376434134e+06
-1.317371376434134e+06
0.000000000000000e+00
2.207918728594996e+06
-2.207918728594996e+06
0.000000000000000e+00
3.954459250085565e+06
-3.954459250085565e+06
0.000000000000000e+00
8.024114968070091e+06
-8.024114968070091e+06
0.000000000000000e+00
2.798197399519411e+07
-2.798197399519411e+07
0.000000000000000e+00
4.536628258658035e+06
-4.962098354356934e+06
8.048176338728027e+08
-5.525837952064244e+07
5.525837952064244e+07
0.000000000000000e+00
-8.653645444857465e+06
8.653645444857465e+06
0.000000000000000e+00
-6.530335211069020e+06
6.530335211069020e+06
0.000000000000000e+00
-1.169716709204260e+06
1.169716709204260e+06
0.000000000000000e+00
-1.481495806509244e+05
1.481495806509244e+05
0.000000000000000e+00
-9.846568134787967e+04
9.846568134787967e+04
0.000000000000000e+00
-1.343109778811288e+05
1.343109778811288e+05
0.000000000000000e+00
-1.820437351378647e+05
1.820437351378647e+05
0.000000000000000e+00
-2.354953531312213e+05
2.354953531312213e+05
0.000000000000000e+00
-2.734950666366453e+05
2.734950666366453e+05
0.000000000000000e+00
-2.621107042829815e+05
2.621107042829815e+05
0.000000000000000e+00
-1.787262391023911e+05
1.787262391023911e+05
0.000000000000000e+00
-6.701970394543605e+04
6.701970394543605e+04
0.000000000000000e+00
-4.348174684367752e+03
4.348174684367752e+03
0.000000000000000e+00
9.982021297597164e+03
-9.982021297597164e+03
0.000000000000000e+00
1.512761964341550e+04
-1.512761964341550e+04
0.000000000000000e+00
1.938293672205916e+04
-1.938293672205916e+04
0.000000000000000e+00
2.133336079238592e+04
-2.133336079238592e+04
0.000000000000000e+00
2.033594237245412e+04
-2.033594237245412e+04
0.000000000000000e+00
1.669632044813209e+04
-1.669632044813209e+04
0.000000000000000e+00
1.140296668015369e+04
-1.140296668015369e+04
0.000000000000000e+00
6.098197592695316e+03
-6.098197592695316e+03
0.000000000000000e+00
2.314304469392814e+03
-2.314304469392814e+03
0.000000000000000e+00
5.307964226900375e+02
-5.307964226900375e+02
0.000000000000000e+00
5.612534711751746e+05
-5.612534711751746e+05
0.000000000000000e+00
9.160692323537620e+05
-9.160692323537620e+05
0.000000000000000e+00
1.497881342203275e+06
-1.497881342203275e+06
0.000000000000000e+00
2.565976545681820e+06
-2.565976545681820e+06
0.000000000000000e+00
4.744372628264774e+06
-4.744372628264774e+06
0.000000000000000e+00
9.781666683884071e+06
-9.781666683884071e+06
0.000000000000000e+00
4.385213701286190e+07
-4.385213701286190e+07
0.000000000000000e+00
1.106210802593532e+07
-1.217754153488525e+07
1.078002223131531e+09
-8.733060605284268e+07
8.733060605284268e+07
0.000000000000000e+00
7.267616663761593e+05
-7.267616663761593e+05
0.000000000000000e+00
-4.197995289621466e+06
4.197995289621466e+06
0.000000000000000e+00
-3.232209192744818e+05
3.232209192744818e+05
0.000000000000000e+00
-1.690530578788876e+05
1.690530578788876e+05
0.000000000000000e+00
-2.292234459110239e+05
2.292234459110239e+05
0.000000000000000e+00
-3.106978916573354e+05
3.106978916573354e+05
0.000000000000000e+00
-4.019520004649308e+05
4.019520004649308e+05
0.000000000000000e+00
-4.668733911927813e+05
4.668733911927813e+05
0.000000000000000e+00
-4.475860799241229e+05
4.475860799241229e+05
0.000000000000000e+00
-3.055439220147776e+05
3.055439220147776e+05
0.000000000000000e+00
-1.153529197770363e+05
1.153529197770363e+05
0.000000000000000e+00
-9.094543015250800e+03
9.094543015250800e+03
0.000000000000000e+00
1.441271452079879e+04
-1.441271452079879e+04
0.000000000000000e+00
2.218903057509088e+04
-2.218903057509088e+04
0.000000000000000e+00
2.884181627246563e+04
-2.884181627246563e+04
0.000000000000000e+00
3.230073179501019e+04
-3.230073179501019e+04
0.000000000000000e+00
3.125766799842332e+04
-3.125766799842332e+04
0.000000000000000e+00
2.591372229305590e+04
-2.591372229305590e+04
0.000000000000000e+00
1.780085775542718e+04
-1.780085775542718e+04
0.000000000000000e+00
9.552111673490055e+03
-9.552111673490055e+03
0.000000000000000e+00
3.632311545670418e+03
-3.632311545670418e+03
0.000000000000000e+00
8.340275689835826e+02
-8.340275689835826e+02
0.000000000000000e+00
3.068012181874695e+05
-3.068012181874695e+05
0.000000000000000e+00
4.959613114313776e+05
-4.959613114313776e+05
0.000000000000000e+00
8.042648877675497e+05
-8.042648877675497e+05
0.000000000000000e+00
1.363790563598308e+06
-1.363790563598308e+06
0.000000000000000e+00
2.477322848414633e+06
-2.477322848414633e+06
0.000000000000000e+00
4.929064475200562e+06
-4.929064475200562e+06
0.000000000000000e+00
1.014658651510187e+07
-1.014658651510187e+07
0.000000000000000e+00
6.395797831799853e+07
-6.395797831799853e+07
0.000000000000000e+00
2.118292003349620e+07
-2.418173485074882e+07
1.455236077360657e+09
-1.232222421439360e+08
1.232222421439360e+08
0.000000000000000e+00
1.692721590703185e+07
-1.692721590703185e+07
0.000000000000000e+00
-2.558499959509348e+06
2.558499959509348e+06
0.000000000000000e+00
-3.196282064708097e+05
3.196282064708097e+05
0.000000000000000e+00
-4.168467472851694e+05
4.168467472851694e+05
0.000000000000000e+00
-5.650231843450179e+05
5.650231843450179e+05
0.000000000000000e+00
-7.310465284732768e+05
7.310465284732768e+05
0.000000000000000e+00
-8.492869711205942e+05
8.492869711205942e+05
0.000000000000000e+00
-8.145912281624145e+05
8.145912281624145e+05
0.000000000000000e+00
-5.570017056502786e+05
5.570017056502786e+05
0.000000000000000e+00
-2.123519526852751e+05
2.123519526852751e+05
0.000000000000000e+00
-2.098266043177566e+04
2.098266043177566e+04
0.000000000000000e+00
1.925323888202426e+04
-1.925323888202426e+04
0.000000000000000e+00
3.074697386178383e+04
-3.074697386178383e+04
0.000000000000000e+00
4.124886600239322e+04
-4.124886600239322e+04
0.000000000000000e+00
4.785031890660314e+04
-4.785031890660314e+04
0.000000000000000e+00
4.757541568116774e+04
-4.757541568116774e+04
0.000000000000000e+00
4.005070931824772e+04
-4.005070931824772e+04
0.000000000000000e+00
2.775010590903302e+04
-2.775010590903302e+04
0.000000000000000e+00
1.496534508098138e+04
-1.496534508098138e+04
0.000000000000000e+00
5.707284646228218e+03
-5.707284646228218e+03
0.000000000000000e+00
1.312614024898515e+03
-1.312614024898515e+03
0.000000000000000e+00
1.170420601441065e+05
-1.170420601441065e+05
0.000000000000000e+00
1.835266349146916e+05
-1.835266349146916e+05
0.000000000000000e+00
2.914193442279056e+05
-2.914193442279056e+05
0.000000000000000e+00
4.858465939214947e+05
-4.858465939214947e+05
0.000000000000000e+00
8.711457265972509e+05
-8.711457265972509e+05
0.000000000000000e+00
1.729458082174033e+06
-1.729458082174033e+06
0.000000000000000e+00
3.906946997366734e+06
-3.906946997366734e+06
0.000000000000000e+00
6.854710500685579e+06
-6.854710500685579e+06
0.000000000000000e+00
8.913490913425243e+07
-8.913490913425243e+07
0.000000000000000e+00
2.653281625731435e+07
-3.468671485903568e+07
1.973332565991577e+09
-1.404687251534773e+08
1.404687251534773e+08
0.000000000000000e+00
3.027324340299686e+07
-3.027324340299686e+07
0.000000000000000e+00
-1.487241874392700e+06
1.487241874392700e+06
0.000000000000000e+00
-7.687401223025743e+05
7.687401223025743e+05
0.000000000000000e+00
-1.040661992981329e+06
1.040661992981329e+06
0.000000000000000e+00
-1.346580100160181e+06
1.346580100160181e+06
0.000000000000000e+00
-1.564688181444196e+06
1.564688181444196e+06
0.000000000000000e+00
-1.501497478577157e+06
1.501497478577157e+06
0.000000000000000e+00
-1.028422504934330e+06
1.028422504934330e+06
0.000000000000000e+00
-3.959330378702543e+05
3.959330378702543e+05
0.000000000000000e+00
-4.694367381693952e+04
4.694367381693952e+04
0.000000000000000e+00
2.252444426865774e+04
-2.252444426865774e+04
0.000000000000000e+00
3.889481303893893e+04
-3.889481303893893e+04
0.000000000000000e+00
5.553046770083869e+04
-5.553046770083869e+04
0.000000000000000e+00
6.859489321870281e+04
-6.859489321870281e+04
0.000000000000000e+00
7.128189863528238e+04
-7.128189863528238e+04
0.000000000000000e+00
6.143426390524422e+04
-6.143426390524422e+04
0.000000000000000e+00
4.311328705338871e+04
-4.311328705338871e+04
0.000000000000000e+00
2.341961300560436e+04
-2.341961300560436e+04
0.000000000000000e+00
8.968770108079621e+03
-8.968770108079621e+03
0.000000000000000e+00
2.067540675600963e+03
-2.067540675600963e+03
0.000000000000000e+00
3.850954043526731e+04
-3.850954043526731e+04
0.000000000000000e+00
5.342774064810746e+04
-5.342774064810746e+04
0.000000000000000e+00
7.683111427552099e+04
-7.683111427552099e+04
0.000000000000000e+00
1.164914571956783e+05
-1.164914571956783e+05
0.000000000000000e+00
1.895536439811914e+05
-1.895536439811914e+05
0.000000000000000e+00
3.420760057667845e+05
-3.420760057667845e+05
0.000000000000000e+00
7.198591331674278e+05
-7.198591331674278e+05
0.000000000000000e+00
2.021028619112288e+06
-2.021028619112288e+06
0.000000000000000e+00
-1.779466762501872e+06
1.779466762501872e+06
0.000000000000000e+00
1.135969702317307e+08
-1.135969702317307e+08
0.000000000000000e+00
5.437753762034480e+07
-7.653624062299016e+07
2.680116437688721e+09
-1.716848557673276e+08
1.716848557673276e+08
0.000000000000000e+00
6.833184396323739e+07
-6.833184396323739e+07
0.000000000000000e+00
-9.641910812225521e+06
9.641910812225521e+06
0.000000000000000e+00
-1.883026284214672e+06
1.883026284214672e+06
0.000000000000000e+00
-2.436808411939676e+06
2.436808411939676e+06
0.000000000000000e+00
-2.832046177718434e+06
2.832046177718434e+06
0.000000000000000e+00
-2.718949773376469e+06
2.718949773376469e+06
0.000000000000000e+00
-1.865302649096195e+06
1.865302649096195e+06
0.000000000000000e+00
-7.248067172009125e+05
7.248067172009125e+05
0.000000000000000e+00
-9.929157441998544e+04
9.929157441998544e+04
0.000000000000000e+00
1.858200445776518e+04
-1.858200445776518e+04
0.000000000000000e+00
4.042642722788050e+04
-4.042642722788050e+04
0.000000000000000e+00
6.684012710243827e+04
-6.684012710243827e+04
0.000000000000000e+00
9.325185227461206e+04
-9.325185227461206e+04
0.000000000000000e+00
1.043050101754743e+05
-1.043050101754743e+05
0.000000000000000e+00
9.317248867247188e+04
-9.317248867247188e+04
0.000000000000000e+00
6.661395334774510e+04
-6.661395334774510e+04
0.000000000000000e+00
3.655979182806325e+04
-3.655979182806325e+04
0.000000000000000e+00
1.408286061248660e+04
-1.408286061248660e+04
0.000000000000000e+00
3.256997131139680e+03
-3.256997131139680e+03
0.000000000000000e+00
2.557289970339529e+04
-2.557289970339529e+04
0.000000000000000e+00
3.124962778212868e+04
-3.124962778212868e+04
0.000000000000000e+00
3.942264954515268e+04
-3.942264954515268e+04
0.000000000000000e+00
5.090286859156133e+04
-5.090286859156133e+04
0.000000000000000e+00
6.636151298148265e+04
-6.636151298148265e+04
0.000000000000000e+00
8.597435522000342e+04
-8.597435522000342e+04
0.000000000000000e+00
1.023388368049071e+05
-1.023388368049071e+05
0.000000000000000e+00
7.431642651028896e+04
-7.431642651028896e+04
0.000000000000000e+00
-2.583405039767759e+05
2.583405039767759e+05
0.000000000000000e+00
-9.423995515610412e+06
9.423995515610412e+06
0.000000000000000e+00
1.041506905091040e+08
-1.041506905091040e+08
0.000000000000000e+00
1.791836533285807e+08
-2.388018304863437e+08
3.636780233335693e+09
-2.401485538171498e+08
2.401485538171498e+08
0.000000000000000e+00
1.103097894818392e+08
-1.103097894818392e+08
0.000000000000000e+00
-1.679683593627758e+07
1.679683593627758e+07
0.000000000000000e+00
-4.389337148024283e+06
4.389337148024283e+06
0.000000000000000e+00
-5.102240590367603e+06
5.102240590367603e+06
0.000000000000000e+00
-4.900775710007402e+06
4.900775710007402e+06
0.000000000000000e+00
-3.367505304214353e+06
3.367505304214353e+06
0.000000000000000e+00
-1.320445835767441e+06
1.320445835767441e+06
0.000000000000000e+00
-2.044315942058973e+05
2.044315942058973e+05
0.000000000000000e+00
-5.898947149038546e+03
5.898947149038546e+03
0.000000000000000e+00
2.008463339098006e+04
-2.008463339098006e+04
0.000000000000000e+00
6.206329714915937e+04
-6.206329714915937e+04
0.000000000000000e+00
1.157923244756575e+05
-1.157923244756575e+05
0.000000000000000e+00
1.474522576785331e+05
-1.474522576785331e+05
0.000000000000000e+00
1.391161463722714e+05
-1.391161463722714e+05
0.000000000000000e+00
1.021417061627720e+05
-1.021417061627720e+05
0.000000000000000e+00
5.686158355306537e+04
-5.686158355306537e+04
0.000000000000000e+00
2.207711282408915e+04
-2.207711282408915e+04
0.000000000000000e+00
5.128059243977271e+03
-5.128059243977271e+03
0.000000000000000e+00
2.740049735511160e+04
-2.740049735511160e+04
0.000000000000000e+00
3.395915952257979e+04
-3.395915952257979e+04
0.000000000000000e+00
4.354636071193335e+04
-4.354636071193335e+04
0.000000000000000e+00
5.752056830671321e+04
-5.752056830671321e+04
0.000000000000000e+00
7.780466005374612e+04
-7.780466005374612e+04
0.000000000000000e+00
1.079822897528627e+05
-1.079822897528627e+05
0.000000000000000e+00
1.514666764682097e+05
-1.514666764682097e+05
0.000000000000000e+00
2.106631574603177e+05
-2.106631574603177e+05
0.000000000000000e+00
2.709716952631442e+05
-2.709716952631442e+05
0.000000000000000e+00
1.233530837147322e+05
-1.233530837147322e+05
0.000000000000000e+00
-1.198789378968915e+07
1.198789378968915e+07
0.000000000000000e+00
6.834682973486187e+07
-6.834682973486187e+07
0.000000000000000e+00
3.493336091257333e+08
-5.070346542139709e+08
4.920334885543213e+09
-1.874251041624696e+08
1.874251041624696e+08
0.000000000000000e+00
6.822239500956324e+07
-6.822239500956324e+07
0.000000000000000e+00
-1.293704911449090e+07
1.293704911449090e+07
0.000000000000000e+00
-8.653723981574941e+06
8.653723981574941e+06
0.000000000000000e+00
-8.316168773088780e+06
8.316168773088780e+06
0.000000000000000e+00
-5.724046651166710e+06
5.724046651166710e+06
0.000000000000000e+00
-2.265784256208004e+06
2.265784256208004e+06
0.000000000000000e+00
-3.921066082202992e+05
3.921066082202992e+05
0.000000000000000e+00
-7.885964373861016e+04
7.885964373861016e+04
0.000000000000000e+00
-5.563515929139077e+04
5.563515929139077e+04
0.000000000000000e+00
1.113988044666740e+04
-1.113988044666740e+04
0.000000000000000e+00
1.199253653040848e+05
-1.199253653040848e+05
0.000000000000000e+00
1.982588121885797e+05
-1.982588121885797e+05
0.000000000000000e+00
2.035766425054528e+05
-2.035766425054528e+05
0.000000000000000e+00
1.551446440710465e+05
-1.551446440710465e+05
0.000000000000000e+00
8.802610839252184e+04
-8.802610839252184e+04
0.000000000000000e+00
3.453162658829060e+04
-3.453162658829060e+04
0.000000000000000e+00
8.065900620855100e+03
-8.065900620855100e+03
0.000000000000000e+00
2.777696814178662e+04
-2.777696814178662e+04
0.000000000000000e+00
3.447370235534749e+04
-3.447370235534749e+04
0.000000000000000e+00
4.427729130063945e+04
-4.427729130063945e+04
0.000000000000000e+00
5.861515182015389e+04
-5.861515182015389e+04
0.000000000000000e+00
7.956069650584547e+04
-7.956069650584547e+04
0.000000000000000e+00
1.110968565390973e+05
-1.110968565390973e+05
0.000000000000000e+00
1.578524344647558e+05
-1.578524344647558e+05
0.000000000000000e+00
2.270411395507021e+05
-2.270411395507021e+05
0.000000000000000e+00
3.300371454417261e+05
-3.300371454417261e+05
0.000000000000000e+00
4.681852810581197e+05
-4.681852810581197e+05
0.000000000000000e+00
7.537990538708211e+05
-7.537990538708211e+05
0.000000000000000e+00
-1.962454155162065e+07
1.962454155162065e+07
0.000000000000000e+00
8.426525310482319e+07
-8.426525310482319e+07
0.000000000000000e+00
5.796865984448953e+08
-9.879719755917685e+08
6.626005587844238e+09
-1.069835546777254e+08
1.069835546777254e+08
0.000000000000000e+00
4.157795786581793e+07
-4.157795786581793e+07
0.000000000000000e+00
-1.699875055133376e+07
1.699875055133376e+07
0.000000000000000e+00
-1.263870030934341e+07
1.263870030934341e+07
0.000000000000000e+00
-8.718879083697552e+06
8.718879083697552e+06
0.000000000000000e+00
-3.493978596155820e+06
3.493978596155820e+06
0.000000000000000e+00
-6.858342823890934e+05
6.858342823890934e+05
0.000000000000000e+00
-2.541368664428279e+05
2.541368664428279e+05
0.000000000000000e+00
-2.531987478175701e+05
2.531987478175701e+05
0.000000000000000e+00
-1.469464497046431e+05
1.469464497046431e+05
0.000000000000000e+00
7.002866181051532e+04
-7.002866181051532e+04
0.000000000000000e+00
2.473309976470345e+05
-2.473309976470345e+05
0.000000000000000e+00
2.907711447722209e+05
-2.907711447722209e+05
0.000000000000000e+00
2.332162804046004e+05
-2.332162804046004e+05
0.000000000000000e+00
1.355951775348968e+05
-1.355951775348968e+05
0.000000000000000e+00
5.387927428255812e+04
-5.387927428255812e+04
0.000000000000000e+00
1.267128087058071e+04
-1.267128087058071e+04
0.000000000000000e+00
2.823948733847433e+04
-2.823948733847433e+04
0.000000000000000e+00
3.504947060041672e+04
-3.504947060041672e+04
0.000000000000000e+00
4.502112798675327e+04
-4.502112798675327e+04
0.000000000000000e+00
5.960907394360776e+04
-5.960907394360776e+04
0.000000000000000e+00
8.093050691452935e+04
-8.093050691452935e+04
0.000000000000000e+00
1.130607346271038e+05
-1.130607346271038e+05
0.000000000000000e+00
1.607917289226044e+05
-1.607917289226044e+05
0.000000000000000e+00
2.318042315290933e+05
-2.318042315290933e+05
0.000000000000000e+00
3.395466693565295e+05
-3.395466693565295e+05
0.000000000000000e+00
5.009075196734754e+05
-5.009075196734754e+05
0.000000000000000e+00
7.515552529379978e+05
-7.515552529379978e+05
0.000000000000000e+00
1.990882005860888e+06
-1.990882005860888e+06
0.000000000000000e+00
-2.407246112556625e+07
2.407246112556625e+07
0.000000000000000e+00
8.297333230051211e+07
-8.297333230051211e+07
0.000000000000000e+00
1.199574243138234e+09
-2.231904782713663e+09
8.869385710580566e+09
-8.993919289244013e+07
8.993919289244013e+07
0.000000000000000e+00
2.032767880699051e+07
-2.032767880699051e+07
0.000000000000000e+00
-2.784204554706221e+07
2.784204554706221e+07
0.000000000000000e+00
-1.709167292381637e+07
1.709167292381637e+07
0.000000000000000e+00
-6.893628082309568e+06
6.893628082309568e+06
0.000000000000000e+00
-1.439280638109440e+06
1.439280638109440e+06
0.000000000000000e+00
-6.501350942073145e+05
6.501350942073145e+05
0.000000000000000e+00
-7.080793736348429e+05
7.080793736348429e+05
0.000000000000000e+00
-5.386750978409569e+05
5.386750978409569e+05
0.000000000000000e+00
-1.117232874659262e+05
1.117232874659262e+05
0.000000000000000e+00
2.681261190931803e+05
-2.681261190931803e+05
0.000000000000000e+00
4.019143146198216e+05
-4.019143146198216e+05
0.000000000000000e+00
3.462419408695638e+05
-3.462419408695638e+05
0.000000000000000e+00
2.076956190253978e+05
-2.076956190253978e+05
0.000000000000000e+00
8.383590193684964e+04
-8.383590193684964e+04
0.000000000000000e+00
1.987830198031707e+04
-1.987830198031707e+04
0.000000000000000e+00
2.629262404651285e+04
-2.629262404651285e+04
0.000000000000000e+00
3.262981380112361e+04
-3.262981380112361e+04
0.000000000000000e+00
4.191148357858345e+04
-4.191148357858345e+04
0.000000000000000e+00
5.549152215174505e+04
-5.549152215174505e+04
0.000000000000000e+00
7.534157158685004e+04
-7.534157158685004e+04
0.000000000000000e+00
1.052570047021265e+05
-1.052570047021265e+05
0.000000000000000e+00
1.497011318913393e+05
-1.497011318913393e+05
0.000000000000000e+00
2.158229051574989e+05
-2.158229051574989e+05
0.000000000000000e+00
3.160988923308382e+05
-3.160988923308382e+05
0.000000000000000e+00
4.657790948246497e+05
-4.657790948246497e+05
0.000000000000000e+00
6.904309996885253e+05
-6.904309996885253e+05
0.000000000000000e+00
1.044630334873910e+06
-1.044630334873910e+06
0.000000000000000e+00
2.892379684088555e+06
-2.892379684088555e+06
0.000000000000000e+00
-2.270855357111653e+07
2.270855357111653e+07
0.000000000000000e+00
7.692657943903914e+07
-7.692657943903914e+07
0.000000000000000e+00
2.557171374227588e+09
-5.103478905762917e+09
1.178812913565430e+10
-1.015896425207934e+08
1.015896425207934e+08
0.000000000000000e+00
2.376804929367795e+06
-2.376804929367795e+06
0.000000000000000e+00
-3.040991994604902e+07
3.040991994604902e+07
0.000000000000000e+00
-1.130720573441102e+07
1.130720573441102e+07
0.000000000000000e+00
-2.614261167618463e+06
2.614261167618463e+06
0.000000000000000e+00
-1.483450402683342e+06
1.483450402683342e+06
0.000000000000000e+00
-1.696496097692761e+06
1.696496097692761e+06
0.000000000000000e+00
-1.425887148529264e+06
1.425887148529264e+06
0.000000000000000e+00
-5.933903400596485e+05
5.933903400596485e+05
0.000000000000000e+00
1.937758621370377e+05
-1.937758621370377e+05
0.000000000000000e+00
5.272359175111663e+05
-5.272359175111663e+05
0.000000000000000e+00
5.053199472503549e+05
-5.053199472503549e+05
0.000000000000000e+00
3.158355953788760e+05
-3.158355953788760e+05
0.000000000000000e+00
1.300081082968495e+05
-1.300081082968495e+05
0.000000000000000e+00
3.113340085114365e+04
-3.113340085114365e+04
0.000000000000000e+00
2.234870501419964e+04
-2.234870501419964e+04
0.000000000000000e+00
2.772996778541635e+04
-2.772996778541635e+04
0.000000000000000e+00
3.561548544468419e+04
-3.561548544468419e+04
0.000000000000000e+00
4.715552707546997e+04
-4.715552707546997e+04
0.000000000000000e+00
6.402717162566743e+04
-6.402717162566743e+04
0.000000000000000e+00
8.945959982407899e+04
-8.945959982407899e+04
0.000000000000000e+00
1.272541134743918e+05
-1.272541134743918e+05
0.000000000000000e+00
1.835022729226621e+05
-1.835022729226621e+05
0.000000000000000e+00
2.688364795405440e+05
-2.688364795405440e+05
0.000000000000000e+00
3.962692031920661e+05
-3.962692031920661e+05
0.000000000000000e+00
5.875591862222927e+05
-5.875591862222927e+05
0.000000000000000e+00
8.860887765504101e+05
-8.860887765504101e+05
0.000000000000000e+00
1.376504782704016e+06
-1.376504782704016e+06
0.000000000000000e+00
3.587144662032426e+06
-3.587144662032426e+06
0.000000000000000e+00
-2.025488366644821e+07
2.025488366644821e+07
0.000000000000000e+00
7.680227460460153e+07
-7.680227460460153e+07
0.000000000000000e+00
5.405854012041868e+09
-1.152467498072898e+10
1.554293514708105e+10
-1.294658517415620e+08
1.294658517415620e+08
0.000000000000000e+00
-1.080154595520813e+07
1.080154595520813e+07
0.000000000000000e+00
-2.284543115208831e+07
2.284543115208831e+07
0.000000000000000e+00
-5.056056891079054e+06
5.056056891079054e+06
0.000000000000000e+00
-3.221281654421947e+06
3.221281654421947e+06
0.000000000000000e+00
-3.780507868473084e+06
3.780507868473084e+06
0.000000000000000e+00
-3.346924379859495e+06
3.346924379859495e+06
0.000000000000000e+00
-1.730505948074820e+06
1.730505948074820e+06
0.000000000000000e+00
-1.307164403552359e+05
1.307164403552359e+05
0.000000000000000e+00
6.282820368516230e+05
-6.282820368516230e+05
0.000000000000000e+00
7.191518716133379e+05
-7.191518716133379e+05
0.000000000000000e+00
4.756386777447577e+05
-4.756386777447577e+05
0.000000000000000e+00
2.007650191250508e+05
-2.007650191250508e+05
0.000000000000000e+00
4.867215568932049e+04
-4.867215568932049e+04
0.000000000000000e+00
1.534993995353665e+04
-1.534993995353665e+04
0.000000000000000e+00
1.903650597790261e+04
-1.903650597790261e+04
0.000000000000000e+00
2.444569131891488e+04
-2.444569131891488e+04
0.000000000000000e+00
3.236662120492131e+04
-3.236662120492131e+04
0.000000000000000e+00
4.395334706393399e+04
-4.395334706393399e+04
0.000000000000000e+00
6.142946571042194e+04
-6.142946571042194e+04
0.000000000000000e+00
8.741946966352178e+04
-8.741946966352178e+04
0.000000000000000e+00
1.261345455394068e+05
-1.261345455394068e+05
0.000000000000000e+00
1.849280578678152e+05
-1.849280578678152e+05
0.000000000000000e+00
2.728377392157072e+05
-2.728377392157072e+05
0.000000000000000e+00
4.050068732826794e+05
-4.050068732826794e+05
0.000000000000000e+00
6.116446347220109e+05
-6.116446347220109e+05
0.000000000000000e+00
9.515558400811150e+05
-9.515558400811150e+05
0.000000000000000e+00
1.556588259416149e+06
-1.556588259416149e+06
0.000000000000000e+00
4.029235748317043e+06
-4.029235748317043e+06
0.000000000000000e+00
-1.837803443851709e+07
1.837803443851709e+07
0.000000000000000e+00
7.934822857068591e+07
-7.934822857068591e+07
0.000000000000000e+00
1.125998683595337e+10
-2.555928537634446e+10
2.031755817427344e+10
-1.486983053662792e+08
1.486983053662792e+08
0.000000000000000e+00
-2.102080564340079e+06
2.102080564340079e+06
0.000000000000000e+00
-1.193414928482349e+07
1.193414928482349e+07
0.000000000000000e+00
-6.742134745754084e+06
6.742134745754084e+06
0.000000000000000e+00
-8.037678175226330e+06
8.037678175226330e+06
0.000000000000000e+00
-7.340418028710426e+06
7.340418028710426e+06
0.000000000000000e+00
-4.220348583196209e+06
4.220348583196209e+06
0.000000000000000e+00
-1.024021422016267e+06
1.024021422016267e+06
0.000000000000000e+00
6.104157431487778e+05
-6.104157431487778e+05
0.000000000000000e+00
9.887972968229423e+05
-9.887972968229423e+05
0.000000000000000e+00
7.082663066277039e+05
-7.082663066277039e+05
0.000000000000000e+00
3.087160865646346e+05
-3.087160865646346e+05
0.000000000000000e+00
7.597963441293316e+04
-7.597963441293316e+04
0.000000000000000e+00
7.572693343362102e+03
-7.572693343362102e+03
0.000000000000000e+00
9.375116085444617e+03
-9.375116085444617e+03
0.000000000000000e+00
1.203189808690767e+04
-1.203189808690767e+04
0.000000000000000e+00
1.593081914529466e+04
-1.593081914529466e+04
0.000000000000000e+00
2.164508375082991e+04
-2.164508375082991e+04
0.000000000000000e+00
3.028170182627232e+04
-3.028170182627232e+04
0.000000000000000e+00
4.315941568809459e+04
-4.315941568809459e+04
0.000000000000000e+00
6.240375447154674e+04
-6.240375447154674e+04
0.000000000000000e+00
9.173150077531059e+04
-9.173150077531059e+04
0.000000000000000e+00
1.357776594810925e+05
-1.357776594810925e+05
0.000000000000000e+00
2.023622647713612e+05
-2.023622647713612e+05
0.000000000000000e+00
3.071169781842405e+05
-3.071169781842405e+05
0.000000000000000e+00
4.806571700832010e+05
-4.806571700832010e+05
0.000000000000000e+00
7.914907643069575e+05
-7.914907643069575e+05
0.000000000000000e+00
1.394695338859819e+06
-1.394695338859819e+06
0.000000000000000e+00
3.994699649872856e+06
-3.994699649872856e+06
0.000000000000000e+00
-1.713955017380364e+07
1.713955017380364e+07
0.000000000000000e+00
8.248704584944554e+07
-8.248704584944554e+07
0.000000000000000e+00
2.313583616434830e+10
-5.557959888454588e+10
2.631755274117773e+10
-1.311077147886149e+08
1.311077147886149e+08
0.000000000000000e+00
1.393980000388543e+07
-1.393980000388543e+07
0.000000000000000e+00
-1.571905049373825e+07
1.571905049373825e+07
0.000000000000000e+00
-1.652513902033139e+07
1.652513902033139e+07
0.000000000000000e+00
-1.539540482380025e+07
1.539540482380025e+07
0.000000000000000e+00
-9.411237775175653e+06
9.411237775175653e+06
0.000000000000000e+00
-3.120627173286569e+06
3.120627173286569e+06
0.000000000000000e+00
2.653976710951017e+05
-2.653976710951017e+05
0.000000000000000e+00
1.294654136512637e+06
-1.294654136512637e+06
0.000000000000000e+00
1.041619592775391e+06
-1.041619592775391e+06
0.000000000000000e+00
4.729766264627908e+05
-4.729766264627908e+05
0.000000000000000e+00
1.185439390316083e+05
-1.185439390316083e+05
0.000000000000000e+00
2.280910995180780e+03
-2.280910995180780e+03
0.000000000000000e+00
2.798026047318042e+03
-2.798026047318042e+03
0.000000000000000e+00
3.579783055006647e+03
-3.579783055006647e+03
0.000000000000000e+00
4.740719337854050e+03
-4.740719337854050e+03
0.000000000000000e+00
6.459953267105953e+03
-6.459953267105953e+03
0.000000000000000e+00
9.087482561380299e+03
-9.087482561380299e+03
0.000000000000000e+00
1.305993805063241e+04
-1.305993805063241e+04
0.000000000000000e+00
1.909631242605067e+04
-1.909631242605067e+04
0.000000000000000e+00
2.846234336633888e+04
-2.846234336633888e+04
0.000000000000000e+00
4.284329556752111e+04
-4.284329556752111e+04
0.000000000000000e+00
6.516743255136071e+04
-6.516743255136071e+04
0.000000000000000e+00
1.013384073851809e+05
-1.013384073851809e+05
0.000000000000000e+00
1.632135357590349e+05
-1.632135357590349e+05
0.000000000000000e+00
2.771276942215482e+05
-2.771276942215482e+05
0.000000000000000e+00
5.012853789920062e+05
-5.012853789920062e+05
0.000000000000000e+00
9.775739870770366e+05
-9.775739870770366e+05
0.000000000000000e+00
3.394649214759051e+06
-3.394649214759051e+06
0.000000000000000e+00
-1.661257899031071e+07
1.661257899031071e+07
0.000000000000000e+00
8.444721499724595e+07
-8.444721499724595e+07
0.000000000000000e+00
4.683997159008165e+10
-1.182186890840822e+11
3.376743506337109e+10
-9.396668542800134e+07
9.396668542800134e+07
0.000000000000000e+00
3.959018332500510e+06
-3.959018332500510e+06
0.000000000000000e+00
-3.479703828993668e+07
3.479703828993668e+07
0.000000000000000e+00
-3.125494383290531e+07
3.125494383290531e+07
0.000000000000000e+00
-1.985455781714335e+07
1.985455781714335e+07
0.000000000000000e+00
-7.641914375623003e+06
7.641914375623003e+06
0.000000000000000e+00
-8.305426540950256e+05
8.305426540950256e+05
0.000000000000000e+00
1.573437518688288e+06
-1.573437518688288e+06
0.000000000000000e+00
1.512467784449486e+06
-1.512467784449486e+06
0.000000000000000e+00
7.231633530837951e+05
-7.231633530837951e+05
0.000000000000000e+00
1.851837712655463e+05
-1.851837712655463e+05
0.000000000000000e+00
3.824258095411353e+02
-3.824258095411353e+02
0.000000000000000e+00
4.341025773172565e+02
-4.341025773172565e+02
0.000000000000000e+00
5.404249954516725e+02
-5.404249954516725e+02
0.000000000000000e+00
7.178782645224003e+02
-7.178782645224003e+02
0.000000000000000e+00
1.006113901615910e+03
-1.006113901615910e+03
0.000000000000000e+00
1.487993374388341e+03
-1.487993374388341e+03
0.000000000000000e+00
2.293829146649013e+03
-2.293829146649013e+03
0.000000000000000e+00
3.658023286913570e+03
-3.658023286913570e+03
0.000000000000000e+00
6.004124148947582e+03
-6.004124148947582e+03
0.000000000000000e+00
1.003200371403743e+04
-1.003200371403743e+04
0.000000000000000e+00
1.705947634670506e+04
-1.705947634670506e+04
0.000000000000000e+00
2.980369698361016e+04
-2.980369698361016e+04
0.000000000000000e+00
5.406677381112819e+04
-5.406677381112819e+04
0.000000000000000e+00
1.025321258036097e+05
-1.025321258036097e+05
0.000000000000000e+00
2.016888183994928e+05
-2.016888183994928e+05
0.000000000000000e+00
4.060559988098665e+05
-4.060559988098665e+05
0.000000000000000e+00
8.321378467405216e+05
-8.321378467405216e+05
0.000000000000000e+00
3.059663436329282e+06
-3.059663436329282e+06
0.000000000000000e+00
-1.652796156842057e+07
1.652796156842057e+07
0.000000000000000e+00
8.626820436385445e+07
-8.626820436385445e+07
0.000000000000000e+00
9.296853022408823e+10
-2.451076373908391e+11
4.290589964969141e+10
-9.975356136374953e+07
9.975356136374953e+07
0.000000000000000e+00
-3.750598832701589e+07
3.750598832701589e+07
0.000000000000000e+00
-6.306784561234353e+07
6.306784561234353e+07
0.000000000000000e+00
-4.030455312430129e+07
4.030455312430129e+07
0.000000000000000e+00
-1.687718844695747e+07
1.687718844695747e+07
0.000000000000000e+00
-3.493010461089316e+06
3.493010461089316e+06
0.000000000000000e+00
1.680901166257060e+06
-1.680901166257060e+06
0.000000000000000e+00
2.172066479083927e+06
-2.172066479083927e+06
0.000000000000000e+00
1.107140862310722e+06
-1.107140862310722e+06
0.000000000000000e+00
2.905471772110335e+05
-2.905471772110335e+05
0.000000000000000e+00
1.716559999279868e+02
-1.716559999279868e+02
0.000000000000000e+00
1.700114304055737e+02
-1.700114304055737e+02
0.000000000000000e+00
2.009518593471279e+02
-2.009518593471279e+02
0.000000000000000e+00
2.707396017244842e+02
-2.707396017244842e+02
0.000000000000000e+00
4.058440048841381e+02
-4.058440048841381e+02
0.000000000000000e+00
6.643287267351346e+02
-6.643287267351346e+02
0.000000000000000e+00
1.153062598595651e+03
-1.153062598595651e+03
0.000000000000000e+00
2.073172244786472e+03
-2.073172244786472e+03
0.000000000000000e+00
3.792787994660151e+03
-3.792787994660151e+03
0.000000000000000e+00
6.976333828808451e+03
-6.976333828808451e+03
0.000000000000000e+00
1.290983481075827e+04
-1.290983481075827e+04
0.000000000000000e+00
2.426801503785164e+04
-2.426801503785164e+04
0.000000000000000e+00
4.687938240975694e+04
-4.687938240975694e+04
0.000000000000000e+00
9.346965534113339e+04
-9.346965534113339e+04
0.000000000000000e+00
1.902822038759059e+05
-1.902822038759059e+05
0.000000000000000e+00
3.885285022230950e+05
-3.885285022230950e+05
0.000000000000000e+00
7.857425575194715e+05
-7.857425575194715e+05
0.000000000000000e+00
1.567033007369053e+06
-1.567033007369053e+06
0.000000000000000e+00
4.361500116017343e+06
-4.361500116017343e+06
0.000000000000000e+00
-1.519685653856663e+07
1.519685653856663e+07
0.000000000000000e+00
9.238433412759517e+07
-9.238433412759517e+07
0.000000000000000e+00
1.799855843629697e+11
-4.939310995203693e+11
5.397866767010156e+10
-1.661137148157112e+08
1.661137148157112e+08
0.000000000000000e+00
-9.794510020648775e+07
9.794510020648775e+07
0.000000000000000e+00
-8.014876221195802e+07
8.014876221195802e+07
0.000000000000000e+00
-3.500530984424180e+07
3.500530984424180e+07
0.000000000000000e+00
-9.208960706071392e+06
9.208960706071392e+06
0.000000000000000e+00
1.345896580324287e+06
-1.345896580324287e+06
0.000000000000000e+00
3.105530767818951e+06
-3.105530767818951e+06
0.000000000000000e+00
1.707968279137389e+06
-1.707968279137389e+06
0.000000000000000e+00
4.602287618378415e+05
-4.602287618378415e+05
0.000000000000000e+00
1.795858710023063e+02
-1.795858710023063e+02
0.000000000000000e+00
1.865848196777041e+02
-1.865848196777041e+02
0.000000000000000e+00
2.264500496393489e+02
-2.264500496393489e+02
0.000000000000000e+00
3.077840133743898e+02
-3.077840133743898e+02
0.000000000000000e+00
4.590951681772997e+02
-4.590951681772997e+02
0.000000000000000e+00
7.415779663635386e+02
-7.415779663635386e+02
0.000000000000000e+00
1.266518991787653e+03
-1.266518991787653e+03
0.000000000000000e+00
2.242384914531506e+03
-2.242384914531506e+03
0.000000000000000e+00
4.050704498824406e+03
-4.050704498824406e+03
0.000000000000000e+00
7.377366071880861e+03
-7.377366071880861e+03
0.000000000000000e+00
1.355053450108277e+04
-1.355053450108277e+04
0.000000000000000e+00
2.534031027855020e+04
-2.534031027855020e+04
0.000000000000000e+00
4.880322399582805e+04
-4.880322399582805e+04
0.000000000000000e+00
9.724359494343353e+04
-9.724359494343353e+04
0.000000000000000e+00
1.983249894935461e+05
-1.983249894935461e+05
0.000000000000000e+00
4.066923035814607e+05
-4.066923035814607e+05
0.000000000000000e+00
8.284148940512338e+05
-8.284148940512338e+05
0.000000000000000e+00
1.673792258057062e+06
-1.673792258057062e+06
0.000000000000000e+00
3.366026000392018e+06
-3.366026000392018e+06
0.000000000000000e+00
8.243488510372992e+06
-8.243488510372992e+06
0.000000000000000e+00
-9.199374517007900e+06
9.199374517007900e+06
0.000000000000000e+00
1.061200718716710e+08
-1.061200718716710e+08
0.000000000000000e+00
3.391768234500874e+11
-9.659963047611121e+11
6.722846639143750e+10
-2.815492492885373e+08
2.815492492885373e+08
0.000000000000000e+00
-1.297692727615114e+08
1.297692727615114e+08
0.000000000000000e+00
-7.080411131060037e+07
7.080411131060037e+07
0.000000000000000e+00
-2.044083202174606e+07
2.044083202174606e+07
0.000000000000000e+00
1.900460965379557e+05
-1.900460965379557e+05
0.000000000000000e+00
4.508096413322216e+06
-4.508096413322216e+06
0.000000000000000e+00
2.686950475144146e+06
-2.686950475144146e+06
0.000000000000000e+00
7.424387908338306e+05
-7.424387908338306e+05
0.000000000000000e+00
1.259550034859933e+02
-1.259550034859933e+02
0.000000000000000e+00
1.357240969850947e+02
-1.357240969850947e+02
0.000000000000000e+00
1.692067048438875e+02
-1.692067048438875e+02
0.000000000000000e+00
2.349731887766290e+02
-2.349731887766290e+02
0.000000000000000e+00
3.567281749051747e+02
-3.567281749051747e+02
0.000000000000000e+00
5.842060876580066e+02
-5.842060876580066e+02
0.000000000000000e+00
1.009095955618865e+03
-1.009095955618865e+03
0.000000000000000e+00
1.803404977766967e+03
-1.803404977766967e+03
0.000000000000000e+00
3.282728500005901e+03
-3.282728500005901e+03
0.000000000000000e+00
6.019788110400514e+03
-6.019788110400514e+03
0.000000000000000e+00
1.112981678335474e+04
-1.112981678335474e+04
0.000000000000000e+00
2.095323981810747e+04
-2.095323981810747e+04
0.000000000000000e+00
4.065291439662240e+04
-4.065291439662240e+04
0.000000000000000e+00
8.168219345882173e+04
-8.168219345882173e+04
0.000000000000000e+00
1.681286135742787e+05
-1.681286135742787e+05
0.000000000000000e+00
3.480907145172716e+05
-3.480907145172716e+05
0.000000000000000e+00
7.158422011029619e+05
-7.158422011029619e+05
0.000000000000000e+00
1.459764079854668e+06
-1.459764079854668e+06
0.000000000000000e+00
2.963580722391230e+06
-2.963580722391230e+06
0.000000000000000e+00
6.041978500936252e+06
-6.041978500936252e+06
0.000000000000000e+00
1.361492548034705e+07
-1.361492548034705e+07
0.000000000000000e+00
7.810330058703640e+06
-7.810330058703640e+06
0.000000000000000e+00
1.280608557723522e+08
-1.280608557723522e+08
0.000000000000000e+00
6.218590436586477e+11
-1.832017015208454e+12
8.288155893032031e+10
-3.510696136679409e+08
3.510696136679409e+08
0.000000000000000e+00
-1.040530213480097e+08
1.040530213480097e+08
0.000000000000000e+00
-4.343417728025435e+07
4.343417728025435e+07
0.000000000000000e+00
-1.908930793449227e+06
1.908930793449227e+06
0.000000000000000e+00
6.957100865199902e+06
-6.957100865199902e+06
0.000000000000000e+00
4.402261597443975e+06
-4.402261597443975e+06
0.000000000000000e+00
1.237144118272238e+06
-1.237144118272238e+06
0.000000000000000e+00
6.036800698880040e+01
-6.036800698880040e+01
0.000000000000000e+00
6.995027655133650e+01
-6.995027655133650e+01
0.000000000000000e+00
9.176610656007628e+01
-9.176610656007628e+01
0.000000000000000e+00
1.327065370527501e+02
-1.327065370527501e+02
0.000000000000000e+00
2.083950659421778e+02
-2.083950659421778e+02
0.000000000000000e+00
3.506110057115918e+02
-3.506110057115918e+02
0.000000000000000e+00
6.193702968377493e+02
-6.193702968377493e+02
0.000000000000000e+00
1.127709028826272e+03
-1.127709028826272e+03
0.000000000000000e+00
2.084030942311142e+03
-2.084030942311142e+03
0.000000000000000e+00
3.872573605591181e+03
-3.872573605591181e+03
0.000000000000000e+00
7.248659006598603e+03
-7.248659006598603e+03
0.000000000000000e+00
1.381369417618287e+04
-1.381369417618287e+04
0.000000000000000e+00
2.715163310929701e+04
-2.715163310929701e+04
0.000000000000000e+00
5.533901222582190e+04
-5.533901222582190e+04
0.000000000000000e+00
1.156675593810928e+05
-1.156675593810928e+05
0.000000000000000e+00
2.432408083061027e+05
-2.432408083061027e+05
0.000000000000000e+00
5.078184537852717e+05
-5.078184537852717e+05
0.000000000000000e+00
1.049868506555128e+06
-1.049868506555128e+06
0.000000000000000e+00
2.155517801525233e+06
-2.155517801525233e+06
0.000000000000000e+00
4.422232158333448e+06
-4.422232158333448e+06
0.000000000000000e+00
9.165831474056290e+06
-9.165831474056290e+06
0.000000000000000e+00
1.987856795625008e+07
-1.987856795625008e+07
0.000000000000000e+00
3.157296633238055e+07
-3.157296633238055e+07
0.000000000000000e+00
1.807162637594585e+08
-1.807162637594585e+08
0.000000000000000e+00
1.109159553525543e+12
-3.366892120079499e+12
1.011301873917656e+11
-2.563644486775196e+08
2.563644486775196e+08
0.000000000000000e+00
-5.358515990093351e+07
5.358515990093351e+07
0.000000000000000e+00
-4.989616363804172e+06
4.989616363804172e+06
0.000000000000000e+00
1.238621758629713e+07
-1.238621758629713e+07
0.000000000000000e+00
7.768003124026993e+06
-7.768003124026993e+06
0.000000000000000e+00
2.176741743879727e+06
-2.176741743879727e+06
0.000000000000000e+00
2.207242331447966e+01
-2.207242331447966e+01
0.000000000000000e+00
2.880041327791697e+01
-2.880041327791697e+01
0.000000000000000e+00
4.057187114237266e+01
-4.057187114237266e+01
0.000000000000000e+00
6.176309792034979e+01
-6.176309792034979e+01
0.000000000000000e+00
1.009428688723180e+02
-1.009428688723180e+02
0.000000000000000e+00
1.750889140623948e+02
-1.750889140623948e+02
0.000000000000000e+00
3.170720279364946e+02
-3.170720279364946e+02
0.000000000000000e+00
5.891893547227395e+02
-5.891893547227395e+02
0.000000000000000e+00
1.107107464458912e+03
-1.107107464458912e+03
0.000000000000000e+00
2.087734438963971e+03
-2.087734438963971e+03
0.000000000000000e+00
3.962434790102098e+03
-3.962434790102098e+03
0.000000000000000e+00
7.657682619112291e+03
-7.657682619112291e+03
0.000000000000000e+00
1.528359128675708e+04
-1.528359128675708e+04
0.000000000000000e+00
3.168981312773352e+04
-3.168981312773352e+04
0.000000000000000e+00
6.749439723327354e+04
-6.749439723327354e+04
0.000000000000000e+00
1.447215407185254e+05
-1.447215407185254e+05
0.000000000000000e+00
3.079687235119641e+05
-3.079687235119641e+05
0.000000000000000e+00
6.482020018839437e+05
-6.482020018839437e+05
0.000000000000000e+00
1.351782624641560e+06
-1.351782624641560e+06
0.000000000000000e+00
2.804793646576258e+06
-2.804793646576258e+06
0.000000000000000e+00
5.831270754927023e+06
-5.831270754927023e+06
0.000000000000000e+00
1.230990427597602e+07
-1.230990427597602e+07
0.000000000000000e+00
2.756033140831326e+07
-2.756033140831326e+07
0.000000000000000e+00
5.209142428646158e+07
-5.209142428646158e+07
0.000000000000000e+00
2.810038178128983e+08
-2.810038178128983e+08
0.000000000000000e+00
1.924252955429678e+12
-5.991556431899861e+12
1.221102995666484e+11
-1.568347530218461e+07
1.568347530218461e+07
0.000000000000000e+00
1.164234481346249e+07
-1.164234481346249e+07
0.000000000000000e+00
2.604386987632220e+07
-2.604386987632220e+07
0.000000000000000e+00
1.545544262620204e+07
-1.545544262620204e+07
0.000000000000000e+00
4.177208155077702e+06
-4.177208155077702e+06
0.000000000000000e+00
9.074556150527284e+00
-9.074556150527284e+00
0.000000000000000e+00
1.251828016801166e+01
-1.251828016801166e+01
0.000000000000000e+00
1.815861552265691e+01
-1.815861552265691e+01
0.000000000000000e+00
2.821039523264484e+01
-2.821039523264484e+01
0.000000000000000e+00
4.685024062630443e+01
-4.685024062630443e+01
0.000000000000000e+00
8.231672359214772e+01
-8.231672359214772e+01
0.000000000000000e+00
1.507654823432026e+02
-1.507654823432026e+02
0.000000000000000e+00
2.830204617079847e+02
-2.830204617079847e+02
0.000000000000000e+00
5.367107583570520e+02
-5.367107583570520e+02
0.000000000000000e+00
1.021063227563527e+03
-1.021063227563527e+03
0.000000000000000e+00
1.955380952094424e+03
-1.955380952094424e+03
0.000000000000000e+00
3.816028842772333e+03
-3.816028842772333e+03
0.000000000000000e+00
7.704089182760518e+03
-7.704089182760518e+03
0.000000000000000e+00
1.619516727870347e+04
-1.619516727870347e+04
0.000000000000000e+00
3.504558544260796e+04
-3.504558544260796e+04
0.000000000000000e+00
7.645008018936700e+04
-7.645008018936700e+04
0.000000000000000e+00
1.655930173821259e+05
-1.655930173821259e+05
0.000000000000000e+00
3.546812617406478e+05
-3.546812617406478e+05
0.000000000000000e+00
7.519300341483380e+05
-7.519300341483380e+05
0.000000000000000e+00
1.582209842037202e+06
-1.582209842037202e+06
0.000000000000000e+00
3.319765787087206e+06
-3.319765787087206e+06
0.000000000000000e+00
7.006091143516203e+06
-7.006091143516203e+06
0.000000000000000e+00
1.511501551007410e+07
-1.511501551007410e+07
0.000000000000000e+00
3.489298895952484e+07
-3.489298895952484e+07
0.000000000000000e+00
7.356005112183206e+07
-7.356005112183206e+07
0.000000000000000e+00
4.153142796645434e+08
-4.153142796645434e+08
0.000000000000000e+00
3.245443440623676e+12
-1.031412256254455e+13
1.458740490358906e+11
3.473470066446198e+08
-3.473470066446198e+08
0.000000000000000e+00
6.078318566171376e+07
-6.078318566171376e+07
0.000000000000000e+00
3.517931654114216e+07
-3.517931654114216e+07
0.000000000000000e+00
9.135870015321203e+06
-9.135870015321203e+06
0.000000000000000e+00
3.953286842052200e+00
-3.953286842052200e+00
0.000000000000000e+00
5.385442585450393e+00
-5.385442585450393e+00
0.000000000000000e+00
7.764342822367553e+00
-7.764342822367553e+00
0.000000000000000e+00
1.202730002743211e+01
-1.202730002743211e+01
0.000000000000000e+00
1.995829797689273e+01
-1.995829797689273e+01
0.000000000000000e+00
3.509490359435787e+01
-3.509490359435787e+01
0.000000000000000e+00
6.440548051030498e+01
-6.440548051030498e+01
0.000000000000000e+00
1.212530987471692e+02
-1.212530987471692e+02
0.000000000000000e+00
2.307502325082299e+02
-2.307502325082299e+02
0.000000000000000e+00
4.407609751150998e+02
-4.407609751150998e+02
0.000000000000000e+00
8.480124697627341e+02
-8.480124697627341e+02
0.000000000000000e+00
1.664319861645632e+03
-1.664319861645632e+03
0.000000000000000e+00
3.384457132856775e+03
-3.384457132856775e+03
0.000000000000000e+00
7.181335637363453e+03
-7.181335637363453e+03
0.000000000000000e+00
1.571925475868209e+04
-1.571925475868209e+04
0.000000000000000e+00
3.474389508151799e+04
-3.474389508151799e+04
0.000000000000000e+00
7.633350673919325e+04
-7.633350673919325e+04
0.000000000000000e+00
1.659390401626089e+05
-1.659390401626089e+05
0.000000000000000e+00
3.570776498253496e+05
-3.570776498253496e+05
0.000000000000000e+00
7.620652510988470e+05
-7.620652510988470e+05
0.000000000000000e+00
1.618166121657516e+06
-1.618166121657516e+06
0.000000000000000e+00
3.440047384254688e+06
-3.440047384254688e+06
0.000000000000000e+00
7.408659765110569e+06
-7.408659765110569e+06
0.000000000000000e+00
1.649198212174800e+07
-1.649198212174800e+07
0.000000000000000e+00
3.977606625422649e+07
-3.977606625422649e+07
0.000000000000000e+00
9.092611125656365e+07
-9.092611125656365e+07
0.000000000000000e+00
5.927350808524154e+08
-5.927350808524154e+08
0.000000000000000e+00
5.317702300572848e+12
-1.715486216623737e+13
1.723568431397031e+11
7.853393195299554e+08
-7.853393195299554e+08
0.000000000000000e+00
6.635152764554558e+07
-6.635152764554558e+07
0.000000000000000e+00
2.403312625490624e+07
-2.403312625490624e+07
0.000000000000000e+00
1.398727972982924e+00
-1.398727972982924e+00
0.000000000000000e+00
1.893724151296509e+00
-1.893724151296509e+00
0.000000000000000e+00
2.722138499782510e+00
-2.722138499782510e+00
0.000000000000000e+00
4.211295079933445e+00
-4.211295079933445e+00
0.000000000000000e+00
6.987306862754525e+00
-6.987306862754525e+00
0.000000000000000e+00
1.229558740817071e+01
-1.229558740817071e+01
0.000000000000000e+00
2.259673283913960e+01
-2.259673283913960e+01
0.000000000000000e+00
4.262491189067689e+01
-4.262491189067689e+01
0.000000000000000e+00
8.130698916354334e+01
-8.130698916354334e+01
0.000000000000000e+00
1.557220389254513e+02
-1.557220389254513e+02
0.000000000000000e+00
3.005366747485881e+02
-3.005366747485881e+02
0.000000000000000e+00
5.920863016890734e+02
-5.920863016890734e+02
0.000000000000000e+00
1.209995778614353e+03
-1.209995778614353e+03
0.000000000000000e+00
2.584184579273866e+03
-2.584184579273866e+03
0.000000000000000e+00
5.703084239640463e+03
-5.703084239640463e+03
0.000000000000000e+00
1.272797892606285e+04
-1.272797892606285e+04
0.000000000000000e+00
2.826866029794543e+04
-2.826866029794543e+04
0.000000000000000e+00
6.217880935642403e+04
-6.217880935642403e+04
0.000000000000000e+00
1.354654923358690e+05
-1.354654923358690e+05
0.000000000000000e+00
2.927347228468724e+05
-2.927347228468724e+05
0.000000000000000e+00
6.288889644150668e+05
-6.288889644150668e+05
0.000000000000000e+00
1.349535459641463e+06
-1.349535459641463e+06
0.000000000000000e+00
2.919557306512656e+06
-2.919557306512656e+06
0.000000000000000e+00
6.467026918671274e+06
-6.467026918671274e+06
0.000000000000000e+00
1.503808010194108e+07
-1.503808010194108e+07
0.000000000000000e+00
3.871258546902846e+07
-3.871258546902846e+07
0.000000000000000e+00
9.332668715605327e+07
-9.332668715605327e+07
0.000000000000000e+00
8.199078000226007e+08
-8.199078000226007e+08
0.000000000000000e+00
8.457523772554891e+12
-2.752807975986047e+13
2.013392082586094e+11
1.187914249000767e+09
-1.187914249000767e+09
0.000000000000000e+00
1.267050004379692e+08
-1.267050004379692e+08
0.000000000000000e+00
3.831544006150406e-01
-3.831544006150406e-01
0.000000000000000e+00
5.174783165806126e-01
-5.174783165806126e-01
0.000000000000000e+00
7.430130620496712e-01
-7.430130620496712e-01
0.000000000000000e+00
1.149095186552948e+00
-1.149095186552948e+00
0.000000000000000e+00
1.907005537189130e+00
-1.907005537189130e+00
0.000000000000000e+00
3.358020421312042e+00
-3.358020421312042e+00
0.000000000000000e+00
6.177769641943784e+00
-6.177769641943784e+00
0.000000000000000e+00
1.166886777088257e+01
-1.166886777088257e+01
0.000000000000000e+00
2.229293020201759e+01
-2.229293020201759e+01
0.000000000000000e+00
4.277140520715507e+01
-4.277140520715507e+01
0.000000000000000e+00
8.271552086808261e+01
-8.271552086808261e+01
0.000000000000000e+00
1.633671045536151e+02
-1.633671045536151e+02
0.000000000000000e+00
3.349586878686231e+02
-3.349586878686231e+02
0.000000000000000e+00
7.185148542665271e+02
-7.185148542665271e+02
0.000000000000000e+00
1.594673460063387e+03
-1.594673460063387e+03
0.000000000000000e+00
3.583332458939103e+03
-3.583332458939103e+03
0.000000000000000e+00
8.021448743633432e+03
-8.021448743633432e+03
0.000000000000000e+00
1.779997019098461e+04
-1.779997019098461e+04
0.000000000000000e+00
3.915519082566621e+04
-3.915519082566621e+04
0.000000000000000e+00
8.547720230141575e+04
-8.547720230141575e+04
0.000000000000000e+00
1.855061034497873e+05
-1.855061034497873e+05
0.000000000000000e+00
4.017514054587071e+05
-4.017514054587071e+05
0.000000000000000e+00
8.749119293114343e+05
-8.749119293114343e+05
0.000000000000000e+00
1.940433864576763e+06
-1.940433864576763e+06
0.000000000000000e+00
4.470858126778617e+06
-4.470858126778617e+06
0.000000000000000e+00
1.103449389804111e+07
-1.103449389804111e+07
0.000000000000000e+00
3.100282683444025e+07
-3.100282683444025e+07
0.000000000000000e+00
7.116678919411507e+07
-7.116678919411507e+07
0.000000000000000e+00
1.144372982128695e+09
-1.144372982128695e+09
0.000000000000000e+00
1.304331826503450e+13
-4.254338426709289e+13
2.324044707549062e+11
1.922017295966251e+09
-1.922017295966251e+09
0.000000000000000e+00
3.579318907090659e-02
-3.579318907090659e-02
0.000000000000000e+00
4.817146991846899e-02
-4.817146991846899e-02
0.000000000000000e+00
6.905409915184600e-02
-6.905409915184600e-02
0.000000000000000e+00
1.067404051473108e-01
-1.067404051473108e-01
0.000000000000000e+00
1.771962669160105e-01
-1.771962669160105e-01
0.000000000000000e+00
3.123056240618088e-01
-3.123056240618088e-01
0.000000000000000e+00
5.753681626192170e-01
-5.753681626192170e-01
0.000000000000000e+00
1.088775865108860e+00
-1.088775865108860e+00
0.000000000000000e+00
2.084519999183050e+00
-2.084519999183050e+00
0.000000000000000e+00
4.009112375268119e+00
-4.009112375268119e+00
0.000000000000000e+00
7.775146717531703e+00
-7.775146717531703e+00
0.000000000000000e+00
1.540987382020925e+01
-1.540987382020925e+01
0.000000000000000e+00
3.174045072500375e+01
-3.174045072500375e+01
0.000000000000000e+00
6.850453641114963e+01
-6.850453641114963e+01
0.000000000000000e+00
1.532486606753015e+02
-1.532486606753015e+02
0.000000000000000e+00
3.477020206101877e+02
-3.477020206101877e+02
0.000000000000000e+00
7.871421394707680e+02
-7.871421394707680e+02
0.000000000000000e+00
1.769064622331427e+03
-1.769064622331427e+03
0.000000000000000e+00
3.946684864969343e+03
-3.946684864969343e+03
0.000000000000000e+00
8.747231129477617e+03
-8.747231129477617e+03
0.000000000000000e+00
1.928096280217032e+04
-1.928096280217032e+04
0.000000000000000e+00
4.237880553193508e+04
-4.237880553193508e+04
0.000000000000000e+00
9.341191537766227e+04
-9.341191537766227e+04
0.000000000000000e+00
2.084230687655123e+05
-2.084230687655123e+05
0.000000000000000e+00
4.772163721718942e+05
-4.772163721718942e+05
0.000000000000000e+00
1.141901404245371e+06
-1.141901404245371e+06
0.000000000000000e+00
2.902359116705253e+06
-2.902359116705253e+06
0.000000000000000e+00
7.695099475188891e+06
-7.695099475188891e+06
0.000000000000000e+00
-4.830645449421378e+07
4.830645449421378e+07
0.000000000000000e+00
1.004145717476979e+09
-1.004145717476979e+09
0.000000000000000e+00
1.948011435545198e+13
-6.318419414289589e+13
2.648941922974375e+11
