8.196772191026355e+01
-8.085447128257628e+01
-2.768049195259970e-01
-6.141137621095361e-01
-2.223319460516923e-01
-1.148466073791496e+01
-2.541145859505883e-02
2.542471117512820e-02
7.813365244936966e-08
4.534116469111038e-07
-1.378412536870716e-05
0.000000000000000e+00
-4.567151287083650e-02
4.513620713329616e-02
1.029419347741588e-07
9.881521844240360e-07
5.342146434211924e-04
0.000000000000000e+00
-1.795173850835149e-01
1.777158721323263e-01
4.126206052737255e-07
4.331779077394855e-06
1.796768551505973e-03
0.000000000000000e+00
-6.040706088082586e-01
5.973227740789570e-01
1.499798549140387e-06
1.615454969752069e-05
6.730180381055652e-03
0.000000000000000e+00
-1.489673699704927e+00
1.461541412135982e+00
7.409443603652289e-06
7.642871683724499e-05
2.804844940850405e-02
0.000000000000000e+00
-1.594081035517479e+00
1.492832089163323e+00
3.558038336915925e-05
3.471386478739460e-04
1.008662273229131e-01
0.000000000000000e+00
-6.166691481398612e-01
3.685784890011701e-01
1.099345620285912e-04
1.031455727466786e-03
2.469492688491950e-01
0.000000000000000e+00
-3.157021360432338e-01
-2.015218367773655e-01
2.632507945454938e-04
2.400107733528928e-03
5.145606142925240e-01
0.000000000000000e+00
-5.427485785209929e-01
-5.639054554300542e-01
5.962173097350562e-04
5.295952825597318e-03
1.100761863815714e+00
0.000000000000000e+00
-1.467077540181583e+00
-1.623344909634440e+00
1.616057581753925e-03
1.398044355740282e-02
3.074825948676866e+00
0.000000000000000e+00
-3.443999084404245e+00
-3.916686879219151e+00
3.428185623231640e-03
2.825622002510476e-02
7.329001557975055e+00
0.000000000000000e+00
-6.516279882113311e+00
-7.411064194784428e+00
5.280711799447402e-03
3.979085016612458e-02
1.388227251493218e+01
0.000000000000000e+00
-1.151467840373314e+01
-1.319994222631997e+01
7.009361782027555e-03
4.536034102898601e-02
2.466225092724211e+01
0.000000000000000e+00
-2.138031317852759e+01
-2.500186828042079e+01
8.298793694383510e-03
4.210264569342587e-02
4.633178001956055e+01
0.000000000000000e+00
-3.979117247479842e+01
-5.469160335140881e+01
-5.248549311691062e-03
8.616347902301566e-04
9.448716274072876e+01
0.000000000000000e+00
-4.896248199749873e+01
-1.090957446624379e+02
-9.684957050527948e-02
-8.399565262199478e-02
1.582390718830639e+02
0.000000000000000e+00
-6.258638802964468e+01
-2.574753428788385e+02
-4.454950712364504e-01
-2.518846664738546e-01
3.207591106461923e+02
0.000000000000000e+00
-6.921587731548682e+01
-4.212292520136191e+02
-1.021192057380767e+00
-4.614039429085402e-01
4.919277253293949e+02
0.000000000000000e+00
-4.454237871854102e+01
-2.648841091514255e+02
-7.546474021013964e-01
-3.378002097636468e-01
3.105189354818316e+02
0.000000000000000e+00
-1.515867850049042e+01
-5.243859601821810e+01
-1.572193437101382e-01
-7.221357344136270e-02
6.782670743586004e+01
0.000000000000000e+00
4.407235859832722e-02
-4.394676938145088e-02
2.216954379276025e-07
1.439366531474201e-06
-1.272502788457448e-04
0.000000000000000e+00
5.192215129064820e+02
-5.126109545877738e+02
-2.020832725554922e+00
-4.032499893563156e+00
-5.572256995901185e-01
-5.538397888420150e+01
-1.655657517997300e+00
1.656434242269355e+00
1.350207324894922e-05
6.977206442378946e-05
-8.599984097301211e-04
0.000000000000000e+00
-4.296131616018390e+00
4.299078519704189e+00
4.488819395220595e-05
2.485311709695495e-04
-3.240323050719085e-03
0.000000000000000e+00
-1.443868683018915e+01
1.444982313047099e+01
1.584686700331714e-04
9.097798916643864e-04
-1.220454884352874e-02
0.000000000000000e+00
-3.563925499013305e+01
3.568380446941561e+01
7.391552894697642e-04
4.269905939247846e-03
-4.955854051127472e-02
0.000000000000000e+00
-3.772106977460637e+01
3.786456849043707e+01
3.381251451992646e-03
1.930991679098533e-02
-1.661898840737082e-01
0.000000000000000e+00
-1.189041557693119e+01
1.219391626499330e+01
1.016987395662288e-02
5.725070848531829e-02
-3.709212705040518e-01
0.000000000000000e+00
-4.075319947451241e-01
9.621433523162330e-01
2.402944298289119e-02
1.330870111707191e-01
-7.117278117247164e-01
0.000000000000000e+00
2.057589680560643e+00
-9.700801116352952e-01
5.425268370675242e-02
2.937073743809266e-01
-1.435469627013024e+00
0.000000000000000e+00
5.791659456072225e+00
-2.811088049884835e+00
1.492004906944166e-01
7.772685082071074e-01
-3.907040405088912e+00
0.000000000000000e+00
1.460986386115513e+01
-7.075946643175089e+00
3.257563511993042e-01
1.580870315947312e+00
-9.440543885126647e+00
0.000000000000000e+00
3.048740216743349e+01
-1.461573879390180e+01
5.275333162217500e-01
2.256643850491633e+00
-1.865584054024504e+01
0.000000000000000e+00
5.756526361396838e+01
-2.694827101411534e+01
7.795079658961084e-01
2.659452031849966e+00
-3.405595259759914e+01
0.000000000000000e+00
9.479231728457340e+01
-3.859947273167389e+01
1.275290548599989e+00
2.791015577679826e+00
-6.025915067917938e+01
0.000000000000000e+00
1.196320096642841e+02
-2.753937891909693e+01
2.192751959979992e+00
1.870345981626711e+00
-9.615572868679392e+01
0.000000000000000e+00
1.138301788835739e+02
-1.310273371870864e+01
1.783181161270892e+00
9.455796463033829e-01
-1.034562059724394e+02
0.000000000000000e+00
1.423361468662062e+02
-2.884674485117291e+01
1.064555580799405e+00
1.886387189568226e+00
-1.164403447854006e+02
0.000000000000000e+00
1.592874638727584e+02
-3.941810904088153e+01
7.074265240844361e-01
1.229461326671311e+00
-1.218062426826327e+02
0.000000000000000e+00
1.036063293005822e+02
-2.876566582516247e+00
1.582240627622446e-01
1.599599271039083e-01
-1.010479467079321e+02
0.000000000000000e+00
3.576825741756119e+01
1.277638047293231e+01
4.032084997153199e-02
2.201201830759945e-02
-4.860697075877262e+01
0.000000000000000e+00
4.716705094654681e-01
-4.712970280003361e-01
8.808227935311411e-06
5.147167795974621e-05
-4.337613710271619e-04
0.000000000000000e+00
1.746924790657614e+00
-1.745577753726390e+00
3.427922523529971e-05
2.014776011541993e-04
-1.582793757612892e-03
0.000000000000000e+00
4.258469606228101e+03
-4.204647494591180e+03
-2.011796810739038e+01
-3.743372067454897e+01
3.729577145017460e+00
-4.160535107692704e+02
-1.108376905694456e+02
1.108482197350877e+02
1.230738124698916e-03
6.759471551940744e-03
-1.851937531850796e-02
0.000000000000000e+00
-2.528222157345596e+02
2.528673805257416e+02
3.763693821488113e-03
2.187676650687660e-02
-7.080525151055841e-02
0.000000000000000e+00
-6.266249898168130e+02
6.267963577131610e+02
1.754951323933448e-02
1.026548994579883e-01
-2.915723090442428e-01
0.000000000000000e+00
-6.724450803797324e+02
6.729148350536647e+02
8.024943560227403e-02
4.641219849354778e-01
-1.014126094471092e+00
0.000000000000000e+00
-2.233743959196073e+02
2.241334386484538e+02
2.412989460490548e-01
1.375780103222812e+00
-2.376121778118454e+00
0.000000000000000e+00
-2.347254500102888e+01
2.447220611734921e+01
5.700070672865445e-01
3.197766395740158e+00
-4.767434579347026e+00
0.000000000000000e+00
7.607085282712273e+00
-6.014455754716234e+00
1.286626109261016e+00
7.056585269203474e+00
-9.935840906460532e+00
0.000000000000000e+00
2.307511893499489e+01
-1.784495080590711e+01
3.537563686834412e+00
1.867586220246556e+01
-2.744359401838770e+01
0.000000000000000e+00
5.547133257742646e+01
-3.538471565424735e+01
7.722030089234970e+00
3.799750223828672e+01
-6.580614925070081e+01
0.000000000000000e+00
1.084332436493611e+02
-4.820462096354657e+01
1.250241460974702e+01
5.428203392699574e+01
-1.270130712225574e+02
0.000000000000000e+00
1.917817104051262e+02
-4.584744310754671e+01
1.846722489880735e+01
6.405508169758525e+01
-2.284565738939720e+02
0.000000000000000e+00
3.124742113360793e+02
8.034538813732153e+00
3.016866981420354e+01
6.729985360513614e+01
-4.179772735691508e+02
0.000000000000000e+00
4.495949330771203e+02
2.258753889063860e+02
5.148804658864275e+01
4.433939978706326e+01
-7.712977683592130e+02
0.000000000000000e+00
5.081696521154605e+02
5.495675146499842e+02
4.011058382078953e+01
1.896939202252703e+01
-1.116817142608761e+03
0.000000000000000e+00
6.921271270329377e+02
1.231458013861842e+03
1.969732133297052e+01
3.714044123057610e+01
-1.980422903458329e+03
0.000000000000000e+00
8.121478494088511e+02
2.012511204890827e+03
1.494637451053619e+01
2.550477259783623e+01
-2.865110201408052e+03
0.000000000000000e+00
5.373282226319137e+02
1.334212507453226e+03
5.893275916467975e+00
4.531505931467180e+00
-1.881965511933073e+03
0.000000000000000e+00
1.854976152054750e+02
3.042559476844270e+02
9.502906361357668e-01
4.946323335533990e-01
-4.911984858595912e+02
0.000000000000000e+00
7.722667364353376e+00
-7.720870419415878e+00
4.985318939249426e-05
3.419754011948988e-04
-2.188773528087806e-03
0.000000000000000e+00
2.785159779074877e+01
-2.784514814988293e+01
1.951590024649809e-04
1.346428837210986e-03
-7.991228705514847e-03
0.000000000000000e+00
1.101020754135623e+02
-1.100772620825865e+02
8.151355175000409e-04
5.728796100417526e-03
-3.135726259368592e-02
0.000000000000000e+00
3.939259420641600e+04
-3.892164697138751e+04
-2.115814255255731e+02
-3.650049265657908e+02
1.056391170628712e+02
-2.319158178996295e+03
-6.003373573121449e+03
6.003505388056582e+03
4.778448702115420e-02
2.828352011539285e-01
-4.624346233055556e-01
0.000000000000000e+00
-1.219900595105472e+04
1.219958089991015e+04
1.920474359571576e-01
1.160671252893366e+00
-1.927667544293124e+00
0.000000000000000e+00
-1.334606676456000e+04
1.334687247087777e+04
8.782072852004086e-01
5.248328669862175e+00
-6.932242272811070e+00
0.000000000000000e+00
-4.482121148438873e+03
4.480833740176407e+03
2.640704749499813e+00
1.555849870419209e+01
-1.691179519122496e+01
0.000000000000000e+00
-5.397381459928145e+02
5.324397150102959e+02
6.238105538145763e+00
3.616408340098007e+01
-3.510375795660838e+01
0.000000000000000e+00
1.494335879568123e+01
-3.394665076265014e+01
1.408093834124448e+01
7.980348492461894e+01
-7.488113129889460e+01
0.000000000000000e+00
8.920420415263760e+01
-1.302123543784276e+02
3.871516500504642e+01
2.111896469675503e+02
-2.088966617468064e+02
0.000000000000000e+00
1.959392419187035e+02
-2.117604264425252e+02
8.450615274868385e+01
4.295988961142727e+02
-4.982838643391351e+02
0.000000000000000e+00
3.308250706282687e+02
-1.350730269526172e+02
1.368044039662574e+02
6.134562580812210e+02
-9.460127057231314e+02
0.000000000000000e+00
4.976428447172132e+02
2.604860457352590e+02
2.020156319886560e+02
7.231074512773587e+02
-1.683251973718487e+03
0.000000000000000e+00
8.614596215144935e+02
1.204539013937685e+03
3.297668357272603e+02
7.563884500181600e+02
-3.152153921197598e+03
0.000000000000000e+00
1.891067981652759e+03
3.422641664380728e+03
5.613954832669344e+02
4.794905346302796e+02
-6.354595663930712e+03
0.000000000000000e+00
2.739295905209238e+03
7.162791777958156e+03
4.323729786486502e+02
1.484409280155074e+02
-1.048290158983153e+04
0.000000000000000e+00
3.902623143676175e+03
1.659861464542767e+04
2.007298377352949e+02
2.893677926738882e+02
-2.099133541951301e+04
0.000000000000000e+00
4.667671389013393e+03
2.698515266434706e+04
1.560998514898478e+02
2.247009841544165e+02
-3.203362488900470e+04
0.000000000000000e+00
3.111494675636702e+03
1.704112283466154e+04
6.794778062950076e+01
5.166025996122915e+01
-2.027222555088894e+04
0.000000000000000e+00
1.071900526825509e+03
3.401500686653014e+03
1.072202479715581e+01
5.859374097764854e+00
-4.489982612373445e+03
0.000000000000000e+00
6.964223152658023e+01
-6.963667498777392e+01
-2.408135492349739e-04
-8.563706745057826e-04
-4.459354582577366e-03
0.000000000000000e+00
2.511505634195831e+02
-2.511299162116921e+02
-9.441686195572010e-04
-3.374085550586119e-03
-1.632895372080379e-02
0.000000000000000e+00
9.735457288010160e+02
-9.734628891841837e+02
-3.998023870436433e-03
-1.449691969132112e-02
-6.434467327019007e-02
0.000000000000000e+00
4.068378252481660e+03
-4.068037795416661e+03
-1.662938939177486e-02
-6.320633643264613e-02
-2.606213391734084e-01
0.000000000000000e+00
1.819233302537698e+05
-1.799871193757710e+05
-1.007178024004123e+03
-1.767874168615778e+03
8.388413146211012e+02
-4.624647871553898e+03
-1.218398550415908e+05
1.218373950932598e+05
1.035111117281200e+00
6.558785830947593e+00
-5.133948617260052e+00
0.000000000000000e+00
-1.231754698317071e+05
1.231613112239279e+05
4.448161013257478e+00
2.798223513113121e+01
-1.827178836525765e+01
0.000000000000000e+00
-4.148578412067181e+04
4.143485295244549e+04
1.337745902879881e+01
8.296492433268963e+01
-4.541121513518538e+01
0.000000000000000e+00
-5.133561003922295e+03
5.004790619585237e+03
3.160511586627436e+01
1.928590460235052e+02
-9.569377755271654e+01
0.000000000000000e+00
-1.370662419527173e+02
-1.537007054615441e+02
7.134632069256040e+01
4.255869607865545e+02
-2.061663340648530e+02
0.000000000000000e+00
9.989630052799943e+01
-8.446078439526422e+02
1.961574557752976e+02
1.126089471448561e+03
-5.775353837992154e+02
0.000000000000000e+00
1.728770823096159e+02
-1.516087510394853e+03
4.280755625836568e+02
2.289702576047508e+03
-1.374567710545927e+03
0.000000000000000e+00
1.480313615176362e+02
-1.515844390483147e+03
6.926522833539167e+02
3.266607724096410e+03
-2.591446978484817e+03
0.000000000000000e+00
3.406971269616955e+01
-3.084136052069585e+02
1.021624616418603e+03
3.841966305647613e+03
-4.589247029555428e+03
0.000000000000000e+00
8.605137353924754e+02
2.167938888066461e+03
1.662552317899828e+03
3.988319010206562e+03
-8.679323951565322e+03
0.000000000000000e+00
5.242334267287422e+03
7.697064368322180e+03
2.801721808624412e+03
2.377140749527830e+03
-1.811826119376184e+04
0.000000000000000e+00
8.510921632361053e+03
2.041822635619207e+04
2.050649854079746e+03
2.640918034037829e+02
-3.124388964603664e+04
0.000000000000000e+00
1.094987974514883e+04
5.283232143937922e+04
6.426582609228317e+02
3.657807533564439e+02
-6.479064019880726e+04
0.000000000000000e+00
1.191525406606250e+04
8.764364637503360e+04
3.549391661699072e+02
3.302412393608223e+02
-1.002440808466268e+05
0.000000000000000e+00
7.615096103281910e+03
5.497412056270510e+04
1.888171801841013e+02
1.101019646755017e+02
-6.288813581084662e+04
0.000000000000000e+00
2.583384533484247e+03
1.068530703840107e+04
3.376907560495328e+01
1.670498999597628e+01
-1.331916563748626e+04
0.000000000000000e+00
1.769507517478960e+02
-1.769320908531326e+02
-2.613809279429679e-03
-1.335951122643275e-02
-2.687574257426947e-03
0.000000000000000e+00
6.381159058988070e+02
-6.380431387548218e+02
-1.024880851306251e-02
-5.264060625828538e-02
-9.877729214217420e-03
0.000000000000000e+00
2.473336055568038e+03
-2.473027312091959e+03
-4.340333493408589e-02
-2.262247811545725e-01
-3.911535998674445e-02
0.000000000000000e+00
1.014523037267825e+04
-1.014393441382645e+04
-1.773424113796775e-01
-9.590097595039644e-01
-1.596066809067239e-01
0.000000000000000e+00
4.550645192988573e+04
-4.550164881029830e+04
-6.349831927661898e-01
-3.568588597007845e+00
-5.995477976007241e-01
0.000000000000000e+00
5.379624003700609e+05
-5.320063453073674e+05
-3.867602198949559e+03
-6.923148881975225e+03
4.834696018231161e+03
-5.242683508992195e+03
-1.058718799784072e+06
1.058657084022745e+06
1.036094873920689e+01
6.855959841225996e+01
-1.720478582385143e+01
0.000000000000000e+00
2.926592035943946e+05
-2.928428859087440e+05
3.005998347077434e+01
1.963072312419625e+02
-4.268490036358342e+01
0.000000000000000e+00
-3.314793671211221e+04
3.271139670292626e+04
7.103992408662978e+01
4.564267715069994e+02
-9.092668640766014e+01
0.000000000000000e+00
-8.746015542187122e+02
-9.576445762168942e+01
1.604085180073670e+02
1.007271052187962e+03
-1.973135583549272e+02
0.000000000000000e+00
-5.850611968458512e+01
-2.492598635247897e+03
4.410438225192737e+02
2.664478404576568e+03
-5.544174721633600e+02
0.000000000000000e+00
-1.687734466737610e+02
-4.889165649056656e+03
9.622305153205282e+02
5.413052657878546e+03
-1.317344077468656e+03
0.000000000000000e+00
-4.167074523923851e+02
-6.376344262274533e+03
1.555680671156700e+03
7.707805540435762e+03
-2.470434496925545e+03
0.000000000000000e+00
-5.010578052282323e+02
-6.457042107165879e+03
2.289939332752749e+03
9.027073569549060e+03
-4.358912989907701e+03
0.000000000000000e+00
1.892565354084622e+03
-6.550611275374897e+03
3.707374576204036e+03
9.254559699681626e+03
-8.303888354595409e+03
0.000000000000000e+00
1.068544368947331e+04
-4.099683559816121e+03
6.148469625184922e+03
5.040161565937903e+03
-1.777439132077998e+04
0.000000000000000e+00
1.472487691221798e+04
1.360412411812530e+04
4.154445734250563e+03
-9.072498723172274e+02
-3.157619689227664e+04
0.000000000000000e+00
1.518975256481313e+04
5.398644853344821e+04
3.021021879596767e+02
-2.550035044445824e+03
-6.692826824177534e+04
0.000000000000000e+00
1.287321382234376e+04
9.378882625255366e+04
-4.705177720986734e+02
-1.734999756394686e+03
-1.044565225464042e+05
0.000000000000000e+00
7.061922973659543e+03
5.854986980383249e+04
1.915391323125206e+01
-1.975948347254514e+02
-6.543335185599785e+04
0.000000000000000e+00
2.255225944953100e+03
1.135451359168857e+04
3.284389071443915e+01
6.078391559552587e+00
-1.364866181891566e+04
0.000000000000000e+00
8.975100663553971e+01
-8.970273317731157e+01
-7.695521946092394e-03
-3.982084497889894e-02
-7.570913031005808e-04
0.000000000000000e+00
3.235916016851885e+02
-3.234017030915808e+02
-3.018039422020683e-02
-1.569227046759907e-01
-2.795494711537117e-03
0.000000000000000e+00
1.253547168573876e+03
-1.252733580560392e+03
-1.278707789678598e-01
-6.745793026662028e-01
-1.113793184972693e-02
0.000000000000000e+00
5.137208989016516e+03
-5.133779835433476e+03
-5.226895800730602e-01
-2.860834353213320e+00
-4.562964975219060e-02
0.000000000000000e+00
2.166752490909094e+04
-2.165501147946281e+04
-1.847055099139782e+00
-1.049504550792201e+01
-1.713290210962114e-01
0.000000000000000e+00
1.442955862303418e+05
-1.442348427932900e+05
-8.899637322547189e+00
-5.112490478197239e+01
-7.188949472332478e-01
0.000000000000000e+00
1.400058963474611e+06
-1.388361704492831e+06
-1.162546247513139e+04
-2.145022185422491e+04
2.137842534757626e+04
-4.845482364296913e+03
-1.992398786879299e+06
1.991913195559296e+06
6.515029150199430e+01
4.413696014633281e+02
-2.092857296296894e+01
0.000000000000000e+00
1.338268652990932e+05
-1.349652137912939e+05
1.541010126326443e+02
1.028325866610079e+03
-4.407838704211981e+01
0.000000000000000e+00
-1.729292394669603e+04
1.477178715078701e+04
3.479884156383889e+02
2.269385306144237e+03
-9.623692587360043e+01
0.000000000000000e+00
-1.861992420023555e+01
-6.669618467256862e+03
9.567928122981335e+02
6.002646308634436e+03
-2.712007294754735e+02
0.000000000000000e+00
3.082383567703864e+02
-1.394444426288880e+04
2.087188289616317e+03
1.219226771552346e+04
-6.432500990213637e+02
0.000000000000000e+00
1.264338121433334e+03
-2.079130154278790e+04
3.373350777866690e+03
1.735319123129631e+04
-1.199578587808414e+03
0.000000000000000e+00
4.288180278200715e+03
-2.744341703666999e+04
4.961628215357808e+03
2.030168653138354e+04
-2.108077988272069e+03
0.000000000000000e+00
1.284966748692310e+04
-3.755745391580747e+04
8.016357649537706e+03
2.073646424164244e+04
-4.045035462295809e+03
0.000000000000000e+00
2.723522808375859e+04
-4.247770043674918e+04
1.320594985384163e+04
1.091137419619781e+04
-8.874851697048867e+03
0.000000000000000e+00
2.706388909769602e+04
-1.611487085086933e+04
8.594060263561281e+03
-3.335470375496323e+03
-1.620760813489166e+04
0.000000000000000e+00
2.192177893169190e+04
2.216658034189701e+04
-4.455986831603592e+02
-8.624500408939759e+03
-3.501826018148865e+04
0.000000000000000e+00
1.243337597829300e+04
5.109772643559870e+04
-2.335033433777618e+03
-6.042691013851148e+03
-5.515337796626286e+04
0.000000000000000e+00
4.417393267017717e+03
3.185327576555037e+04
-4.486283987442826e+02
-8.672983907874809e+02
-3.495474224303637e+04
0.000000000000000e+00
1.092459558620269e+03
6.431582158745389e+03
7.488613003514124e+00
-2.510770814200455e+01
-7.506422622227172e+03
0.000000000000000e+00
2.083393528578751e+01
-2.073813449817425e+01
-1.538896892502952e-02
-7.999453681186222e-02
-4.172818763479714e-04
0.000000000000000e+00
7.505421614543170e+01
-7.467707969815417e+01
-6.035854175654008e-02
-3.152516791353686e-01
-1.526226385578695e-03
0.000000000000000e+00
2.901417077268064e+02
-2.885245258428384e+02
-2.557806355765257e-01
-1.355396130010589e+00
-6.005118380318863e-03
0.000000000000000e+00
1.185494591093737e+03
-1.178675622101115e+03
-1.045581346771043e+00
-5.748994132046819e+00
-2.439351380257226e-02
0.000000000000000e+00
4.978945101977686e+03
-4.954068895923097e+03
-3.694353055817391e+00
-2.109034323591165e+01
-9.150976286126127e-02
0.000000000000000e+00
3.274113834578949e+04
-3.262418449271051e+04
-1.724305162554164e+01
-9.932538583087272e+01
-3.854156225533856e-01
0.000000000000000e+00
3.847709070309033e+05
-3.842109034897960e+05
-8.276484643608232e+01
-4.759195965612221e+02
-1.319098110388439e+00
0.000000000000000e+00
1.337093537790172e+06
-1.332500561890866e+06
-2.125305113918826e+04
-4.252831247042395e+04
5.918838771030598e+04
-4.260083911418915e+03
-1.572136413005245e+06
1.567742103684022e+06
6.076608820500328e+02
3.813836393620527e+03
-2.718795444993065e+01
0.000000000000000e+00
2.973221406529417e+05
-3.003970023830713e+05
4.369904740401140e+02
2.695329290906131e+03
-5.745803481707046e+01
0.000000000000000e+00
-1.528231354044418e+04
7.113408321284910e+03
1.200910827657302e+03
7.130439388770128e+03
-1.624449972681626e+02
0.000000000000000e+00
8.886507905062811e+02
-1.761847748455833e+04
2.619065364076436e+03
1.449516763771539e+04
-3.844063077397841e+02
0.000000000000000e+00
3.131367094655891e+03
-2.732271141352309e+04
4.233073607572732e+03
2.066998826891602e+04
-7.117175576215670e+02
0.000000000000000e+00
9.451466008480780e+03
-3.869817540327597e+04
6.228530741016315e+03
2.426222675295938e+04
-1.244048099180501e+03
0.000000000000000e+00
2.491546546847590e+04
-5.744530968423116e+04
1.006707181221180e+04
2.487128490983602e+04
-2.408512506292557e+03
0.000000000000000e+00
4.692688629260270e+04
-7.053561068086021e+04
1.652170053867728e+04
1.253282552835252e+04
-5.445801678772312e+03
0.000000000000000e+00
4.370812773498285e+04
-3.669552311532295e+04
1.022478523035789e+04
-6.972381808542100e+03
-1.026500804147561e+04
0.000000000000000e+00
3.366986198612607e+04
8.575985233392987e+03
-2.669549323504036e+03
-1.693072155901689e+04
-2.264557633699807e+04
0.000000000000000e+00
1.652848269577423e+04
3.650005093352878e+04
-5.230099126995695e+03
-1.171400493916338e+04
-3.608442956314394e+04
0.000000000000000e+00
4.289501886707226e+03
2.199664729472887e+04
-1.140593445850633e+03
-1.664265829192587e+03
-2.348128990639286e+04
0.000000000000000e+00
7.336666869744081e+02
4.758914149947857e+03
-2.361999895097119e+01
-5.491738919764044e+01
-5.414043448773661e+03
0.000000000000000e+00
7.776400183879438e-02
1.216546944097020e-01
-3.295300955677277e-02
-1.655662598362277e-01
-8.994268554958967e-04
0.000000000000000e+00
2.003056053534911e-01
5.848022521439358e-01
-1.292703274710217e-01
-6.525733912663478e-01
-3.264138760058029e-03
0.000000000000000e+00
-5.432408110984312e-03
3.372979769072574e+00
-5.480401071373102e-01
-2.806798821800643e+00
-1.270843202363535e-02
0.000000000000000e+00
-4.354165154991008e+00
1.855868037154400e+01
-2.241455911257835e+00
-1.191180143206453e+01
-5.125787323062937e-02
0.000000000000000e+00
-4.020002084382386e+01
9.203357352684510e+01
-7.923633909123177e+00
-4.371753163686154e+01
-1.923871370365092e-01
0.000000000000000e+00
-4.481597747463787e+02
6.919093003959561e+02
-3.699719864074519e+01
-2.059571489081598e+02
-7.951781006722417e-01
0.000000000000000e+00
-8.936518319439878e+03
1.005020619613859e+04
-1.697424677182070e+02
-9.411542357206592e+02
-2.791173259839630e+00
0.000000000000000e+00
6.587587520983957e+05
-6.553833386564155e+05
-5.139401108249649e+02
-2.854958402181743e+03
-6.514928973541552e+00
0.000000000000000e+00
1.211799387245741e+06
-1.240379179456857e+06
-2.830379522181417e+04
-6.731991359411438e+04
1.242035010270463e+05
-3.758088564872742e+03
-1.114673044419426e+06
1.101078682191221e+06
1.823507823056677e+03
1.182363149966052e+04
-5.277709451177261e+01
0.000000000000000e+00
2.287364209023218e+05
-2.578268586443961e+05
4.056943297673976e+03
2.518111392456729e+04
-1.476194801671452e+02
0.000000000000000e+00
2.297238599950902e+03
-6.192741600926531e+04
8.850680674959211e+03
5.112811860129428e+04
-3.486218669391105e+02
0.000000000000000e+00
7.108537164539432e+03
-9.348162779674739e+04
1.430418348260978e+04
7.271024538296826e+04
-6.413382333701130e+02
0.000000000000000e+00
1.951868614733324e+04
-1.243752407696107e+05
2.103476680924749e+04
8.493742563290894e+04
-1.115637819878982e+03
0.000000000000000e+00
4.670786924251136e+04
-1.650873241052349e+05
3.397587250453191e+04
8.658091258169585e+04
-2.177330223504003e+03
0.000000000000000e+00
8.019905956901945e+04
-1.772724151565341e+05
5.603137973453428e+04
4.609598434314312e+04
-5.054008490162752e+03
0.000000000000000e+00
7.134619864797586e+04
-8.807916934078165e+04
3.707311330959254e+04
-1.055848848916661e+04
-9.781654127620230e+03
0.000000000000000e+00
5.423888647073913e+04
-4.291287567543783e+03
5.436487600898224e+02
-2.853154438747492e+04
-2.195970327581025e+04
0.000000000000000e+00
2.567247749407688e+04
3.758019883802344e+04
-7.582878717068448e+03
-2.029471610314354e+04
-3.537508151188838e+04
0.000000000000000e+00
5.932945841827928e+03
2.242017016248127e+04
-1.638129112381678e+03
-3.083228052949901e+03
-2.363175883897763e+04
0.000000000000000e+00
8.030021339325198e+02
5.158773996235143e+03
-2.549974750081067e+01
-1.180210434602232e+02
-5.818255339206644e+03
0.000000000000000e+00
2.468507226223580e-01
-6.055523710589171e-02
-3.389980739989767e-02
-1.509780314663217e-01
-1.417646650246996e-03
0.000000000000000e+00
8.121505015670220e-01
-7.919806944446356e-02
-1.329448152529515e-01
-5.948480659750209e-01
-5.159550894586147e-03
0.000000000000000e+00
2.391725381952173e+00
7.474165923577649e-01
-5.632476046845141e-01
-2.555728284687627e+00
-2.016608493779575e-02
0.000000000000000e+00
5.683331772418706e+00
7.531130281191245e+00
-2.302517797095537e+00
-1.083039209491516e+01
-8.155216159924658e-02
0.000000000000000e+00
4.367244352756209e+00
4.378506053769055e+01
-8.137886710494382e+00
-3.970841074085999e+01
-3.060074390924042e-01
0.000000000000000e+00
-1.062004080973770e+02
3.324033967566978e+02
-3.799381510978186e+01
-1.869370550293263e+02
-1.272118520212495e+00
0.000000000000000e+00
-1.892236067898797e+03
2.924791100593468e+03
-1.743032733591241e+02
-8.537283733861869e+02
-4.523385949360315e+00
0.000000000000000e+00
-4.712641118424547e+04
5.025308240250780e+04
-5.277041711083750e+02
-2.588085928463971e+03
-1.088111868996600e+01
0.000000000000000e+00
4.209380351830759e+05
-4.133450371060004e+05
-1.266641874609152e+03
-6.303977772384176e+03
-2.237843008253202e+01
0.000000000000000e+00
1.705415125874087e+06
-1.759109499811612e+06
-4.025491541872521e+04
-9.177547591231756e+04
1.857247652685679e+05
-3.642054557800293e+03
-2.704684559186867e+05
2.391794454205307e+05
3.568949439129518e+03
2.786464756039255e+04
-1.445865013659349e+02
0.000000000000000e+00
-1.262661183040427e+04
-2.229395979097491e+04
2.644736625174042e+03
3.262153353972383e+04
-3.456985435187202e+02
0.000000000000000e+00
4.264224025882020e+04
-9.241701900260022e+04
4.262130379328300e+03
4.614484558181943e+04
-6.321972173677239e+02
0.000000000000000e+00
5.842511227543409e+04
-1.167706556681478e+05
6.224611113289835e+03
5.321575498088007e+04
-1.094822701456131e+03
0.000000000000000e+00
1.123180696552924e+05
-1.725575147108217e+05
9.870924135865860e+03
5.252173690107930e+04
-2.153215981415938e+03
0.000000000000000e+00
1.439508855560671e+05
-1.772166402976385e+05
1.528885069099505e+04
2.309700200575992e+04
-5.120097955183683e+03
0.000000000000000e+00
1.048060343045270e+05
-8.231912208411359e+04
6.498903965318571e+03
-1.884304551898375e+04
-1.014277066674828e+04
0.000000000000000e+00
7.685221564088680e+04
1.994750478928516e+03
-1.130692974164504e+04
-4.442580403545034e+04
-2.311423234271999e+04
0.000000000000000e+00
3.582067775495146e+04
4.676146623355689e+04
-1.372511478776046e+04
-3.129370949493776e+04
-3.756331970581010e+04
0.000000000000000e+00
7.866783001780193e+03
2.541214322339412e+04
-3.052026781195782e+03
-4.672840825613539e+03
-2.555405861836501e+04
0.000000000000000e+00
9.317281421994850e+02
5.890890251733182e+03
-8.718874246328984e+01
-1.787419607220874e+02
-6.556687690747282e+03
0.000000000000000e+00
5.558388514095477e-01
-4.399994298329615e-01
-1.899201690095714e-02
-9.625356807249535e-02
-5.938366031341437e-04
0.000000000000000e+00
1.888804553552166e+00
-1.433357434961322e+00
-7.432165416896726e-02
-3.788368565330131e-01
-2.288607888861405e-03
0.000000000000000e+00
6.204086529010319e+00
-4.258240350367071e+00
-3.134249448975439e-01
-1.622801430629055e+00
-9.619803116646328e-03
0.000000000000000e+00
1.935356003179568e+01
-1.118225811585180e+01
-1.277371960106218e+00
-6.853193629444112e+00
-4.073632639356551e-02
0.000000000000000e+00
5.262702100547384e+01
-2.285893978873156e+01
-4.511992238762823e+00
-2.510420409964664e+01
-1.518848783327910e-01
0.000000000000000e+00
1.471746502055176e+02
-7.180198133965081e+00
-2.106564453298174e+01
-1.182354908118580e+02
-6.933167267126491e-01
0.000000000000000e+00
3.384233056399465e+02
3.016038865688215e+02
-9.665381001004653e+01
-5.403971162100789e+02
-2.976265988642299e+00
0.000000000000000e+00
5.343816108905867e+02
1.406397282527681e+03
-2.926584542118686e+02
-1.639564029783579e+03
-8.556409422820600e+00
0.000000000000000e+00
-1.495602809027547e+03
6.199922772759123e+03
-7.004955735798603e+02
-3.983918838044708e+03
-1.990555210700627e+01
0.000000000000000e+00
1.705742219957406e+04
-5.846634576817373e+03
-1.620316375127825e+03
-9.545238271727632e+03
-4.523297590122188e+01
0.000000000000000e+00
4.754021154284882e+06
-4.519210735627906e+06
-1.700494089125611e+05
-2.542337262326143e+05
1.894727164881995e+05
-1.064427364349365e+04
9.066745913196464e+04
-2.214892288518323e+04
-1.002364168596360e+04
-5.809039203766180e+04
-4.045025231557480e+02
0.000000000000000e+00
5.217747057334227e+04
4.445797222384453e+04
-1.624694353961475e+04
-7.965308656063794e+04
-7.354126969340923e+02
0.000000000000000e+00
1.924591485672851e+05
-7.317032766892861e+04
-2.402932371309923e+04
-9.398930647715705e+04
-1.270190708100179e+03
0.000000000000000e+00
3.268315385239446e+05
-1.861027522771654e+05
-3.938048157517629e+04
-9.883814133019070e+04
-2.510163341412439e+03
0.000000000000000e+00
3.237830138196564e+05
-1.839118924828966e+05
-6.776479631213343e+04
-6.604998973441216e+04
-6.056335290214324e+03
0.000000000000000e+00
1.743072685303358e+05
-7.606631352036654e+04
-5.425796942045373e+04
-3.182040763502784e+04
-1.216257795448764e+04
0.000000000000000e+00
1.175036860535239e+05
4.335588135228955e+03
-2.916777045025218e+04
-6.470708037827663e+04
-2.796442336022404e+04
0.000000000000000e+00
5.350082972890682e+04
5.709113456643195e+04
-1.934386216455038e+04
-4.556243145013919e+04
-4.568567068064922e+04
0.000000000000000e+00
1.135919865718492e+04
3.104541610985420e+04
-4.203446196928785e+03
-6.805047874475533e+03
-3.139612069563480e+04
0.000000000000000e+00
1.247269004716732e+03
7.364635270021446e+03
-1.156508141410977e+02
-2.625229835487351e+02
-8.233730477048346e+03
0.000000000000000e+00
8.510947481237606e-01
-6.700873452947566e-01
-3.457273890398763e-02
-1.452730562496284e-01
-1.161607675388492e-03
0.000000000000000e+00
2.891483355958871e+00
-2.180240511222733e+00
-1.352887102512670e-01
-5.715231867854441e-01
-4.430947699425783e-03
0.000000000000000e+00
9.492999855275922e+00
-6.458952719231632e+00
-5.704748087764466e-01
-2.445176641339514e+00
-1.839568592833232e-02
0.000000000000000e+00
2.959179195871349e+01
-1.688063462841863e+01
-2.324685050042509e+00
-1.030915043864725e+01
-7.732184160510867e-02
0.000000000000000e+00
8.043421350143397e+01
-3.421131142515216e+01
-8.210289686760461e+00
-3.772400974906912e+01
-2.886026404522468e-01
0.000000000000000e+00
2.251254612244879e+02
-7.946688638914140e+00
-3.832822743503018e+01
-1.775518549475615e+02
-1.298690202981934e+00
0.000000000000000e+00
5.215963696656039e+02
4.707429988689712e+02
-1.758433361344935e+02
-8.110621534493874e+02
-5.433878950692944e+00
0.000000000000000e+00
8.846554141759995e+02
2.122715664156424e+03
-5.324014190515264e+02
-2.459668020501483e+03
-1.530163877941453e+01
0.000000000000000e+00
1.480366435221974e+03
5.802977335200336e+03
-1.274254038535950e+03
-5.973940498910959e+03
-3.514923297539742e+01
0.000000000000000e+00
2.295933188343371e+03
1.501672547328048e+04
-2.945850590029580e+03
-1.428695890010757e+04
-7.984917148670692e+01
0.000000000000000e+00
2.020286585069645e+04
3.219381704641609e+04
-8.465736611733575e+03
-4.370202519475343e+04
-2.289210906255314e+02
0.000000000000000e+00
1.244216174286466e+07
-1.172332365475661e+07
-4.972993356839847e+05
-7.303012887577134e+05
5.087625363336451e+05
-5.181430664062500e+04
2.506862998074442e+05
-7.388085230466900e+04
-2.882239332466870e+04
-1.469465675265209e+05
-1.036486651585116e+03
0.000000000000000e+00
2.877318572403951e+05
-8.237827194417486e+04
-4.296408309938132e+04
-1.606173348815297e+05
-1.772167315309752e+03
0.000000000000000e+00
5.174840909860342e+05
-2.734854901344113e+05
-7.043805554371122e+04
-1.700425991313876e+05
-3.517946176523698e+03
0.000000000000000e+00
5.271089200597367e+05
-2.816217134049332e+05
-1.213267118566512e+05
-1.155590753674165e+05
-8.601419430735592e+03
0.000000000000000e+00
2.956689921775631e+05
-1.235302081585956e+05
-9.747955650097120e+04
-5.716210994209187e+04
-1.749711757590461e+04
0.000000000000000e+00
2.008963658132872e+05
9.231704544046697e+03
-5.320085123889345e+04
-1.163248940141215e+05
-4.060232510431892e+04
0.000000000000000e+00
9.090495040493493e+04
9.351384035607957e+04
-3.574989689897992e+04
-8.200931735453939e+04
-6.665957650749513e+04
0.000000000000000e+00
1.899169995724423e+04
4.720430038428931e+04
-7.906260332890036e+03
-1.231559950383469e+04
-4.597414050480882e+04
0.000000000000000e+00
1.988590164565366e+03
1.088018273786022e+04
-2.534949423399327e+02
-4.882880937533541e+02
-1.212698986633230e+04
0.000000000000000e+00
1.597953159066328e+00
-1.166911281339802e+00
-9.156085157052986e-02
-3.357950210749918e-01
-3.686005081002547e-03
0.000000000000000e+00
5.429469287695817e+00
-3.735629198354844e+00
-3.586142821802072e-01
-1.321566564364964e+00
-1.365924279580325e-02
0.000000000000000e+00
1.782421752397174e+01
-1.059413100633915e+01
-1.515150162485391e+00
-5.660255927983542e+00
-5.468042716366633e-02
0.000000000000000e+00
5.553589950770443e+01
-2.523326555621188e+01
-6.182832408611795e+00
-2.389515100986101e+01
-2.246505330197326e-01
0.000000000000000e+00
1.509535990688966e+02
-4.078999895584392e+01
-2.184574971131259e+01
-8.747666648530144e+01
-8.411839164386383e-01
0.000000000000000e+00
4.228449854066008e+02
9.447774631179409e+01
-1.019980311708002e+02
-4.117085262575162e+02
-3.616174290078501e+00
0.000000000000000e+00
9.813914914564336e+02
1.380852008537897e+03
-4.679853839136341e+02
-1.880418286997552e+03
-1.383982908314345e+01
0.000000000000000e+00
1.667059749512467e+03
5.487553251009413e+03
-1.416985802555393e+03
-5.701656029863218e+03
-3.597116810326796e+01
0.000000000000000e+00
2.678323667230787e+03
1.463657622825833e+04
-3.391541482029756e+03
-1.384502576552165e+04
-7.833264793771708e+01
0.000000000000000e+00
5.158546385746404e+03
3.595586865021016e+04
-7.840841678250637e+03
-3.310107681999701e+04
-1.724965377088868e+02
0.000000000000000e+00
3.935697656555269e+04
8.472743954422174e+04
-2.250241853988691e+04
-1.010927374805382e+05
-4.892600893493109e+02
0.000000000000000e+00
-2.166713787919080e+05
5.394856049473337e+05
-5.362965383978610e+04
-2.680056863900826e+05
-1.178885925557328e+03
0.000000000000000e+00
2.662165231518181e+07
-2.570149511046383e+07
-9.290227265357060e+05
-1.523022448885321e+06
1.531887970703036e+06
-1.678842464447021e+05
3.854664442014513e+05
-1.921446614970868e+05
-1.927754078187152e+04
-1.715476175986031e+05
-2.496624323889771e+03
0.000000000000000e+00
7.553410655232820e+05
-6.597422401998966e+05
-1.564271070228088e+04
-7.461243390988511e+04
-5.343680711219371e+03
0.000000000000000e+00
5.678124662745241e+05
-4.479923000365465e+05
-3.198116375505383e+04
-7.465542413297965e+04
-1.318357834994445e+04
0.000000000000000e+00
4.599739166758314e+05
-2.892002566254478e+05
-4.349621138047392e+04
-1.002196355779451e+05
-2.705781309196508e+04
0.000000000000000e+00
3.305784642298981e+05
2.036585690599369e+04
-7.069002154052998e+04
-2.170353801205214e+05
-6.321891947484030e+04
0.000000000000000e+00
1.521171995957829e+05
1.723415280047731e+05
-6.736804788211930e+04
-1.529178641947723e+05
-1.041728155236641e+05
0.000000000000000e+00
3.195524273052997e+04
7.825170471115469e+04
-1.527801047893194e+04
-2.299027554676230e+04
-7.193866141599037e+04
0.000000000000000e+00
3.297714318361615e+03
1.717179612186312e+04
-5.449575801068456e+02
-9.281746519279233e+02
-1.899637820818993e+04
0.000000000000000e+00
3.513508612791614e+00
-2.739084054048633e+00
-2.057116231067791e-01
-5.611748745971420e-01
-7.538061039061056e-03
0.000000000000000e+00
1.194391341924233e+01
-8.899457593767890e+00
-8.066143346727290e-01
-2.210223062874925e+00
-2.761842792678623e-02
0.000000000000000e+00
3.923245481250575e+01
-2.622065053352714e+01
-3.416231218035253e+00
-9.486653853156399e+00
-1.089192077869481e-01
0.000000000000000e+00
1.222875016087320e+02
-6.772937283212273e+01
-1.396175719583886e+01
-4.015324228538648e+01
-4.431292953838970e-01
0.000000000000000e+00
3.324107403958604e+02
-1.342651431061328e+02
-4.934026160790562e+01
-1.471437478230691e+02
-1.661587858753034e+00
0.000000000000000e+00
9.310739461317617e+02
-1.101880143860364e+00
-2.303441258958410e+02
-6.926292258031251e+02
-6.998714288935759e+00
0.000000000000000e+00
2.160729521834707e+03
2.084744435444831e+03
-1.056700688560520e+03
-3.163140889031326e+03
-2.563237968768905e+01
0.000000000000000e+00
3.669558422460375e+03
9.182511158210778e+03
-3.199071876314576e+03
-9.589306749700560e+03
-6.369095465602292e+01
0.000000000000000e+00
5.891659664416953e+03
2.517794311451841e+04
-7.655785357159820e+03
-2.327966031174295e+04
-1.341571100326122e+02
0.000000000000000e+00
1.130787010664946e+04
6.231516109157103e+04
-1.769571882159311e+04
-5.563794292699481e+04
-2.893694496325897e+02
0.000000000000000e+00
3.462578416405455e+04
1.867934479052829e+05
-5.077176125027357e+04
-1.698333763031552e+05
-8.140945159087915e+02
0.000000000000000e+00
2.545760111117776e+05
3.107140093425752e+05
-1.195266588945414e+05
-4.438075660216514e+05
-1.955795538160340e+03
0.000000000000000e+00
-7.813965398701516e+04
1.302309050453855e+06
-2.251693861986233e+05
-9.952236217454510e+05
-3.776388522764710e+03
0.000000000000000e+00
5.381784137735049e+07
-5.250522736721242e+07
-1.698593269676110e+06
-3.230118894006342e+06
3.616098153544407e+06
-4.464173228454590e+05
-2.376939163997618e+06
1.695650730752052e+06
2.191496096372381e+05
4.640770488541971e+05
-1.938225245871172e+03
0.000000000000000e+00
1.460195669856656e+06
-1.341899815827210e+06
-8.241692374554519e+04
-2.091038190980469e+04
-1.496854837409652e+04
0.000000000000000e+00
-7.296338445081641e+05
3.976203925292135e+05
-2.049266815681411e+04
3.833277828295714e+05
-3.082166269380593e+04
0.000000000000000e+00
7.839312734416239e+04
1.944492008596703e+05
-6.185485762902684e+04
-1.387504274879742e+05
-7.223704308683149e+04
0.000000000000000e+00
6.763402297634947e+04
2.258705278175641e+05
-6.274977574218243e+04
-1.114989930038729e+05
-1.192557820478584e+05
0.000000000000000e+00
1.934254097415182e+04
9.823176689678148e+04
-1.427590091893151e+04
-2.090452181926681e+04
-8.239388513273503e+04
0.000000000000000e+00
2.549195834948539e+03
2.071098022729865e+04
-4.870425983730443e+02
-1.009551227904439e+03
-2.176358223596973e+04
0.000000000000000e+00
5.555254202032506e+00
-4.511065680735997e+00
-4.119515639948162e-01
-6.094577463337543e-01
-2.277921096793531e-02
0.000000000000000e+00
1.887324748602497e+01
-1.478442679592583e+01
-1.613574467199132e+00
-2.391822242268585e+00
-8.342398063141179e-02
0.000000000000000e+00
6.191369828044250e+01
-4.460655004349613e+01
-6.817805611672310e+00
-1.016053199629876e+01
-3.288106289753221e-01
0.000000000000000e+00
1.925534362086744e+02
-1.209557466602113e+02
-2.781549563072780e+01
-4.244496217368642e+01
-1.337231744049018e+00
0.000000000000000e+00
5.233890989948026e+02
-2.655853123627530e+02
-9.823738193670368e+01
-1.545518777660066e+02
-5.014526929339143e+00
0.000000000000000e+00
1.469672617367592e+03
-2.644078102151584e+02
-4.584888988504715e+02
-7.256707730518922e+02
-2.110513525006972e+01
0.000000000000000e+00
3.428426839429923e+03
2.061293510923444e+03
-2.102935249117199e+03
-3.309625386505280e+03
-7.715971473088541e+01
0.000000000000000e+00
5.875655520289994e+03
1.070670391646060e+04
-6.365682919140782e+03
-1.002531773926099e+04
-1.913587783488149e+02
0.000000000000000e+00
9.606823399452751e+03
3.035014461318660e+04
-1.523230293719683e+04
-2.432219536541750e+04
-4.024697100250017e+02
0.000000000000000e+00
1.913114439131153e+04
7.502997361762659e+04
-3.520456309080192e+04
-5.808932482180762e+04
-8.672300963285139e+02
0.000000000000000e+00
6.607629705546335e+04
2.145533828466699e+05
-1.010008720338137e+05
-1.771902114930015e+05
-2.438596375318032e+03
0.000000000000000e+00
2.286171782165536e+05
4.775973578188420e+05
-2.377710053533319e+05
-4.625847409745734e+05
-5.858789707490298e+03
0.000000000000000e+00
7.248055846112737e+05
7.300461777095589e+05
-4.380445886895926e+05
-1.005560091988559e+06
-1.124708164268228e+04
0.000000000000000e+00
2.537050091902894e+06
7.163910356647496e+05
-8.078956658842959e+05
-2.424975450416646e+06
-2.057001126670134e+04
0.000000000000000e+00
1.398058329968666e+08
-1.296945030167357e+08
-5.946021876585081e+06
-1.156725428394681e+07
7.401946180400955e+06
-8.032378164672852e+05
-5.796981284514795e+06
6.234929855202073e+06
3.320236553565497e+05
-7.225108093515984e+05
-4.746141669222837e+04
0.000000000000000e+00
7.162749129744667e+06
-7.560915705970475e+06
3.114765007460385e+05
1.841978847084161e+05
-9.750780922865059e+04
0.000000000000000e+00
-6.441960278683213e+05
1.304356731223806e+06
-4.896249465546766e+04
-3.824334608705675e+05
-2.287647478294488e+05
0.000000000000000e+00
4.924574132140111e+05
7.805790967007864e+05
-2.684262901439637e+05
-6.267714651311883e+05
-3.778387546396454e+05
0.000000000000000e+00
1.094524212644072e+05
3.081564270215246e+05
-6.256484101779345e+04
-9.401802756102895e+04
-2.610259797071098e+05
0.000000000000000e+00
1.171029044472223e+04
6.336416547200432e+04
-2.337225436379731e+03
-3.824891476825533e+03
-6.891233900352128e+04
0.000000000000000e+00
1.969960061760739e+00
-1.372801672377927e+00
-3.434276746988864e-01
-2.308585386573286e-01
-2.287217602659790e-02
0.000000000000000e+00
6.652629295870653e+00
-4.330346414863767e+00
-1.342688263739884e+00
-8.936732336253974e-01
-8.592138364160580e-02
0.000000000000000e+00
2.161755692957701e+01
-1.197256877661132e+01
-5.650101643293191e+00
-3.644878706805258e+00
-3.500078028672362e-01
0.000000000000000e+00
6.637725132292401e+01
-2.751925055989608e+01
-2.298133114989345e+01
-1.442262612955004e+01
-1.454043483584444e+00
0.000000000000000e+00
1.801098254708349e+02
-4.245605620942359e+01
-8.107057770725949e+01
-5.114605679003331e+01
-5.437134764118538e+00
0.000000000000000e+00
5.103140517032260e+02
1.296700845786004e+02
-3.781612388682411e+02
-2.379030504204956e+02
-2.391984699308988e+01
0.000000000000000e+00
1.213555265062744e+03
1.696780368702562e+03
-1.733879385770913e+03
-1.080574748396032e+03
-9.588149959836224e+01
0.000000000000000e+00
2.153443845582854e+03
6.620897529339762e+03
-5.247207416460633e+03
-3.266918257660494e+03
-2.602157008014876e+02
0.000000000000000e+00
3.776140848621262e+03
1.727771707768830e+04
-1.255311379370001e+04
-7.917008860845155e+03
-5.837352717643828e+02
0.000000000000000e+00
8.570823884593074e+03
4.063945236325066e+04
-2.900569140059871e+04
-1.889626518450405e+04
-1.308319662740981e+03
0.000000000000000e+00
3.467107555324656e+04
1.099166502906775e+05
-8.320247112062876e+04
-5.764899644603786e+04
-3.736258277257442e+03
0.000000000000000e+00
1.351143208844904e+05
2.201937019289927e+05
-1.958532234043499e+05
-1.505580824035147e+05
-8.896717005618626e+03
0.000000000000000e+00
4.407603735784282e+05
2.638962380227136e+05
-3.608262010496595e+05
-3.272212907932184e+05
-1.660911975826413e+04
0.000000000000000e+00
1.355418111522601e+06
1.251898053039909e+05
-6.655657020031309e+05
-7.852707641021040e+05
-2.977145072135867e+04
0.000000000000000e+00
5.857513159266744e+06
-1.000673321913113e+06
-1.650912019467313e+06
-3.144073313066360e+06
-6.185450481996590e+04
0.000000000000000e+00
5.675316286681981e+08
-4.909829432505154e+08
-3.327197283076638e+07
-5.457428977393625e+07
1.129757718701975e+07
-5.849440119934082e+05
1.839917381450154e+06
6.706241730684306e+06
-2.478486350228378e+06
-5.772230816415949e+06
-2.954419454901489e+05
0.000000000000000e+00
8.877948870250128e+06
-8.800306413593821e+06
7.505889699660197e+05
-1.646283847031524e+05
-6.636030419191726e+05
0.000000000000000e+00
6.094782169592342e+05
1.778761608287433e+06
-4.242062852405275e+05
-8.760564370777627e+05
-1.087977102928380e+06
0.000000000000000e+00
3.393479413608843e+05
6.874782590822265e+05
-1.068475323355253e+05
-1.689415211877220e+05
-7.510371469198654e+05
0.000000000000000e+00
3.502840828198411e+04
1.738988102674783e+05
-2.952333043064552e+03
-7.259959481101045e+03
-1.987149260252968e+05
0.000000000000000e+00
7.541066380921503e-01
-3.193302604795100e-01
-2.599474384121152e-01
-9.803349211219720e-02
-7.679544708832768e-02
0.000000000000000e+00
2.463881838509987e+00
-8.111251511172469e-01
-1.009965688491570e+00
-3.557877085353566e-01
-2.870032903658167e-01
0.000000000000000e+00
7.648423674048112e+00
-1.139650660775877e+00
-4.191220502971637e+00
-1.156082963513534e+00
-1.161469546787057e+00
0.000000000000000e+00
2.240767927372432e+01
2.223631421221712e+00
-1.687657053256219e+01
-2.949567874924170e+00
-4.805172287459676e+00
0.000000000000000e+00
6.242001727315327e+01
2.249020827538646e+01
-5.934623865339591e+01
-7.582354241427089e+00
-1.798163265371667e+01
0.000000000000000e+00
1.934088301565095e+02
1.922436853161979e+02
-2.765075922340416e+02
-3.065679361919572e+01
-7.848812961947016e+01
0.000000000000000e+00
5.248651554038604e+02
1.182701117771855e+03
-1.267017482220685e+03
-1.308496780293814e+02
-3.096991129256488e+02
0.000000000000000e+00
1.086980511872582e+03
3.960064198683863e+03
-3.832911505937575e+03
-3.856004862536091e+02
-8.285327183652610e+02
0.000000000000000e+00
2.307775340756747e+03
9.625448889154190e+03
-9.166990617822530e+03
-9.253804274348390e+02
-1.840853184653568e+03
0.000000000000000e+00
6.537868418641910e+03
2.095677037038962e+04
-2.117672331456139e+04
-2.215117183218079e+03
-4.102798291252055e+03
0.000000000000000e+00
3.142302993582904e+04
4.793145638054475e+04
-6.074704144425396e+04
-6.916580958016317e+03
-1.169086391410349e+04
0.000000000000000e+00
1.339062503173316e+05
5.570081980357604e+04
-1.430443233036122e+05
-1.869158781310638e+04
-2.787115900418920e+04
0.000000000000000e+00
4.557332414622740e+05
-9.770582246043481e+04
-2.637327395667607e+05
-4.206051189247970e+04
-5.223416754259877e+04
0.000000000000000e+00
1.483027601518286e+06
-7.976662686146990e+05
-4.872657776680927e+05
-1.042195478251831e+05
-9.387600741031248e+04
0.000000000000000e+00
4.548454820424290e+06
-2.735251173201541e+06
-1.209119728876636e+06
-4.102774275106828e+05
-1.938064908354310e+05
0.000000000000000e+00
2.109806903550924e+07
-8.782435677441932e+06
-5.347319758658261e+06
-6.468338705862278e+06
-4.999748935467782e+05
0.000000000000000e+00
1.908259978216004e+09
-1.521914926913778e+09
-1.509467251423993e+08
-2.575079294578927e+08
2.210960329806615e+07
-2.525040441894531e+05
3.808682489368229e+06
1.902168119733900e+07
-7.227152080987400e+06
-1.260156365356476e+07
-3.001647952155136e+06
0.000000000000000e+00
1.751260727183038e+07
-9.202887723961363e+06
-1.584015933738225e+05
-3.853041096272169e+06
-4.298276858223011e+06
0.000000000000000e+00
-1.038085852402496e+05
3.701643463310560e+06
-2.583512692559361e+05
-3.779114151134038e+05
-2.961572193700970e+06
0.000000000000000e+00
1.225521723475278e+05
6.795792013197856e+05
-3.906245178616906e+03
-1.757052061751090e+04
-7.806546078711849e+05
0.000000000000000e+00
6.641094346144529e-01
-1.004230058558819e-01
-1.324997435985923e-01
-1.202878607521991e-01
-3.108988244077803e-01
0.000000000000000e+00
2.096811349000105e+00
-2.724133869660521e-02
-5.003492433611048e-01
-4.208261560358149e-01
-1.148394610906584e+00
0.000000000000000e+00
6.355715387486788e+00
1.322993011487415e+00
-1.941946839157188e+00
-1.159096773030094e+00
-4.577664786786924e+00
0.000000000000000e+00
1.923664720308638e+01
8.470303378963226e+00
-7.430152464703766e+00
-1.521163363135619e+00
-1.875563475421024e+01
0.000000000000000e+00
6.355516956025286e+01
3.244684541591789e+01
-2.572935307154262e+01
1.510698136966279e-02
-7.028776888599788e+01
0.000000000000000e+00
2.471768487529449e+02
1.642726374853820e+02
-1.193102794918015e+02
8.669729072248247e+00
-3.008089358187742e+02
0.000000000000000e+00
8.246614471823727e+02
8.057681140801070e+02
-5.455637011980431e+02
5.477024037909054e+01
-1.139636100443529e+03
0.000000000000000e+00
1.931330307186508e+03
2.466233805194639e+03
-1.648692131365255e+03
1.832581040787863e+02
-2.932130085094680e+03
0.000000000000000e+00
4.244611979718731e+03
5.576834617514225e+03
-3.940797011255349e+03
4.581422181548508e+02
-6.338791804132459e+03
0.000000000000000e+00
1.142065148361857e+04
1.050741500243943e+04
-9.103000696509775e+03
1.071531329058862e+03
-1.389659711860710e+04
0.000000000000000e+00
4.999502139755223e+04
1.256688983640276e+04
-2.614961773185215e+04
2.928938665131727e+03
-3.934123216723453e+04
0.000000000000000e+00
2.006661493440720e+05
-5.108251572507253e+04
-6.177417334512521e+04
6.314684807737085e+03
-9.412414508161157e+04
0.000000000000000e+00
6.603253581194457e+05
-3.779430141072516e+05
-1.145120814875815e+05
1.055156034291863e+04
-1.784218228675323e+05
0.000000000000000e+00
2.092148313720234e+06
-1.572815633276000e+06
-2.136847390127831e+05
1.751002382247828e+04
-3.231579652539283e+05
0.000000000000000e+00
6.810702134334487e+06
-5.670214472915616e+06
-5.401211234113552e+05
5.534869107633777e+04
-6.557152290838559e+05
0.000000000000000e+00
1.588881821439164e+07
-1.368250795055987e+07
-2.340056792731335e+06
1.733020438658285e+06
-1.599273909758716e+06
0.000000000000000e+00
9.096636123739640e+07
-2.974740984584062e+07
-2.511977440634955e+07
-3.250710521481451e+07
-3.592071770391752e+06
0.000000000000000e+00
1.123457931733732e+10
-7.431212403282598e+09
-1.327503963111157e+09
-2.624471513664477e+09
1.486085627209117e+08
-2.407104455566406e+05
-1.566481720381083e+08
1.227160598268825e+08
2.371913138381170e+07
3.383087866251694e+07
-2.361789783510292e+07
0.000000000000000e+00
6.561457800633939e+07
-1.011857363733150e+07
-9.938937809241356e+06
-3.249432774189462e+07
-1.306273881787191e+07
0.000000000000000e+00
5.086999939700554e+05
2.892409789872605e+06
2.594902672377029e+04
-3.237801064443115e+04
-3.394680799921997e+06
0.000000000000000e+00
9.448216698970554e-01
-9.011527008866645e-02
-1.298752065952863e-02
-5.137074041086075e-02
-7.903481387380006e-01
0.000000000000000e+00
3.088506595582321e+00
3.572880262875046e-02
-3.805141470174165e-02
-1.812272721193301e-01
-2.904956711390007e+00
0.000000000000000e+00
1.039388788675548e+01
1.679632059491653e+00
-4.355743944052174e-02
-5.257099394985333e-01
-1.150425256730808e+01
0.000000000000000e+00
3.738412591944212e+01
1.031863068124030e+01
1.514031962979514e-01
-9.190409946583288e-01
-4.693511880232207e+01
0.000000000000000e+00
1.356775403200946e+02
4.072419337509982e+01
8.345710983869224e-01
-1.229374155321109e+00
-1.760069306382604e+02
0.000000000000000e+00
5.458533937904980e+02
1.991099651475301e+02
4.192671883618242e+00
-2.511327720927900e+00
-7.466447031007187e+02
0.000000000000000e+00
1.832041435005455e+03
9.295314010809441e+02
1.951373463034983e+01
-5.665552181263736e+00
-2.775421018535487e+03
0.000000000000000e+00
4.154129984697746e+03
2.801116245262940e+03
5.904327936982894e+01
-1.055816334361348e+01
-7.003731345986898e+03
0.000000000000000e+00
8.286869003973099e+03
6.519748696890958e+03
1.401367435113054e+02
-2.070111413251221e+01
-1.492605333024283e+04
0.000000000000000e+00
1.826407490005847e+04
1.391149138002451e+04
3.166058374444817e+02
-6.030475756615390e+01
-3.243186735996126e+04
0.000000000000000e+00
5.987120298253746e+04
3.108819889623362e+04
8.549362670754975e+02
-3.323571906645949e+02
-9.148198095518207e+04
0.000000000000000e+00
1.885401036508540e+05
3.040953689610576e+04
1.784474106697686e+03
-1.453756747076227e+03
-2.192803579065815e+05
0.000000000000000e+00
5.219509898808795e+05
-1.018400216921117e+05
2.633581016667380e+03
-4.561183325092429e+03
-4.181833658803432e+05
0.000000000000000e+00
1.466510147628555e+06
-6.945762664405600e+05
2.801682078368785e+03
-1.440645780158127e+04
-7.603291054647849e+05
0.000000000000000e+00
4.340372608082347e+06
-2.747744386158642e+06
-2.270437329919127e+03
-6.279221412814398e+04
-1.527565570465642e+06
0.000000000000000e+00
1.239578456611157e+07
-8.329830302293111e+06
-5.873081306558859e+04
-3.997767669660654e+05
-3.607446683786822e+06
0.000000000000000e+00
1.098319661791888e+07
-4.749235060358291e+06
-2.087396946727067e+05
1.754874539885405e+06
-7.780096402773309e+06
0.000000000000000e+00
2.084214602230420e+08
-8.313568140929464e+07
-3.630731732118890e+07
-6.454793184236573e+07
-2.443052965019273e+07
0.000000000000000e+00
5.754448875129469e+10
-3.210782052663950e+10
-8.290905416663118e+09
-1.766164276815860e+10
5.158799601665441e+08
-4.484159060668945e+05
-4.508296846045563e+07
1.023778206811217e+08
8.001383262003362e+06
2.051707419331472e+07
-8.581330967598419e+07
0.000000000000000e+00
6.640480894718959e+06
1.758643397177739e+07
-4.571201332612677e+05
-1.864029948033317e+06
-2.190576478520176e+07
0.000000000000000e+00
1.322888383361474e+00
3.012992368210754e-02
-3.670581973988615e-03
-5.182254289085800e-03
-1.344165470780508e+00
0.000000000000000e+00
4.541428885656761e+00
3.984785916215292e-01
-1.015870959469124e-02
-1.791244015299942e-02
-4.911836327530604e+00
0.000000000000000e+00
1.654788293840940e+01
2.809306068481457e+00
-5.064233768738141e-03
-5.062604276571640e-02
-1.930149873035641e+01
0.000000000000000e+00
6.400868207411985e+01
1.433251433774869e+01
8.581236630762543e-02
-8.442989524076343e-02
-7.834257888293541e+01
0.000000000000000e+00
2.382050629357781e+02
5.548969966138641e+01
3.896626934870117e-01
-1.063270800307434e-01
-2.939780982106213e+02
0.000000000000000e+00
9.644117543575652e+02
2.673001327148745e+02
1.843377032251771e+00
-2.024154103413575e-01
-1.233352848694349e+03
0.000000000000000e+00
3.237170731168290e+03
1.228799351492773e+03
8.282091173030850e+00
-3.940964696293088e-01
-4.473858077364465e+03
0.000000000000000e+00
7.280904128512647e+03
3.695080262640574e+03
2.458959682205074e+01
-5.993749002164783e-01
-1.099997461307506e+04
0.000000000000000e+00
1.416918384484859e+04
8.753974055379083e+03
5.773692461617426e+01
-1.227296232868292e+00
-2.297966752861098e+04
0.000000000000000e+00
2.934351130034138e+04
1.982891991549641e+04
1.298141409581443e+02
-5.641552570864236e+00
-4.929660380422507e+04
0.000000000000000e+00
8.435841554225325e+04
5.366385062891081e+04
3.533633869786099e+02
-4.418351340786571e+01
-1.383314460447346e+05
0.000000000000000e+00
2.229683318714944e+05
1.090356226556713e+05
7.504047604148839e+02
-2.245593483362004e+02
-3.325297999392442e+05
0.000000000000000e+00
5.073844781440874e+05
1.320997956048650e+05
1.144246207205118e+03
-7.580394141042692e+02
-6.398704805420542e+05
0.000000000000000e+00
1.163316863316610e+06
8.219387340245938e+03
1.371054043195206e+03
-2.504337864239060e+03
-1.170402966835813e+06
0.000000000000000e+00
2.872151122069667e+06
-5.399142310374740e+05
1.198939887001957e+02
-1.134369646119620e+04
-2.321013088559695e+06
0.000000000000000e+00
6.953042497621207e+06
-1.621139892183958e+06
-1.734723879691800e+04
-7.803044935700423e+04
-5.236524917283337e+06
0.000000000000000e+00
1.321960902004470e+07
-1.913351322744302e+06
-7.335543085382415e+04
-5.844817406655537e+05
-1.064842052578101e+07
0.000000000000000e+00
-4.105656195222494e+06
2.246805948851952e+07
4.265714452760695e+06
9.091605768474374e+06
-3.171972351453207e+07
0.000000000000000e+00
3.602326451934055e+08
-6.613482100998071e+07
-5.994954414703952e+07
-1.252997994324458e+08
-1.088484806039398e+08
0.000000000000000e+00
1.606321833578840e+11
-8.228472715505963e+10
-2.527237681470090e+10
-5.427628920703016e+10
1.201209818906587e+09
-7.741409017944336e+05
8.652958031334950e+07
1.298114590074915e+08
-2.023259696317105e+07
-3.239896066956834e+07
-1.637094816881017e+08
0.000000000000000e+00
9.298426038003209e-01
6.216326616983277e-02
1.921465872613102e-04
9.203352229612469e-04
-9.931183517803769e-01
0.000000000000000e+00
3.300027904498834e+00
3.025187120724501e-01
7.933267697510232e-04
3.306883105345886e-03
-3.606646826446374e+00
0.000000000000000e+00
1.253088528796801e+01
1.510383255382442e+00
3.449132274925207e-03
9.889484199191750e-03
-1.405460715982456e+01
0.000000000000000e+00
4.982543320009257e+01
6.867078439418767e+00
1.471201799000735e-02
1.889780114635987e-02
-5.672612145864761e+01
0.000000000000000e+00
1.870055691258045e+02
2.591771206778113e+01
4.843251333291988e-02
3.007628969488595e-02
-2.130017899966136e+02
0.000000000000000e+00
7.591820937455922e+02
1.231086482980407e+02
1.958630575019144e-01
7.818461055583685e-02
-8.825647897116903e+02
0.000000000000000e+00
2.550316636967936e+03
5.603122750281644e+02
7.834578869408372e-01
2.441853042238790e-01
-3.111656555187265e+03
0.000000000000000e+00
5.727387950548457e+03
1.680104659655527e+03
2.171553046593013e+00
6.118298137621591e-01
-7.410275993064340e+03
0.000000000000000e+00
1.108110421152293e+04
3.998884044771229e+03
4.912354938748041e+00
1.363455544738113e+00
-1.508626406677764e+04
0.000000000000000e+00
2.257662073098892e+04
9.221696009229574e+03
1.095820449830515e+01
3.259776542400105e+00
-3.181253472125920e+04
0.000000000000000e+00
6.231845283376129e+04
2.627688490303066e+04
3.143413576083086e+01
1.122811630563489e+01
-8.863799998885841e+04
0.000000000000000e+00
1.536547711880731e+05
6.016944624431198e+04
7.314811413766469e+01
3.366192864880705e+01
-2.139310274751717e+05
0.000000000000000e+00
3.143517402386314e+05
1.021842189077725e+05
1.287768839930473e+02
8.113876060354902e+01
-4.167458747910005e+05
0.000000000000000e+00
6.146598874558546e+05
1.535229972058940e+05
2.189979267717640e+02
2.079975969732534e+02
-7.686098801854948e+05
0.000000000000000e+00
1.236703631745669e+06
2.608600851984030e+05
4.665748750239820e+02
7.634215895422421e+02
-1.498793713408639e+06
0.000000000000000e+00
2.426785571164666e+06
7.397277734973447e+05
1.438358329215368e+03
4.460184382884506e+03
-3.172411887374111e+06
0.000000000000000e+00
3.546715937760606e+06
2.313120704628612e+06
2.992886924889404e+03
2.534165242037239e+04
-5.888171181734488e+06
0.000000000000000e+00
8.360152746689020e+06
8.275402123926485e+06
-1.060560979198624e+05
-4.525233097549281e+05
-1.607697546294072e+07
0.000000000000000e+00
-3.958799533504755e+07
5.727660036884770e+07
1.102677222453436e+07
2.277618513877909e+07
-5.149156239711363e+07
0.000000000000000e+00
1.848490853843725e+08
8.705169264869058e+07
-2.830310363037718e+07
-6.240512426164363e+07
-1.811925501410425e+08
0.000000000000000e+00
2.624048590677997e+11
-1.299055630109039e+11
-4.258995406202374e+10
-9.183064345656265e+10
1.921301461690811e+09
-1.011370692138672e+06
