5.894007658536585143e-05 3.371140279767911875e+14 6.827593942492312500e+12 -3.791582575449875488e+12 2.882909218085124512e+11
5.894017365853658795e-05 3.377625960492029375e+14 2.110586707607125000e+12 1.058637270243203125e+12 -5.723709880072797852e+12
5.894027073170731768e-05 3.347927143475180625e+14 7.936552186076289062e+12 4.111915858848595703e+12 -5.501448151448311768e+11
5.894036780487804065e-05 3.353881186613171250e+14 8.652013309087953125e+12 7.181278420850091797e+12 2.904960276120719727e+12
5.894046487804879071e-05 3.360755199231593125e+14 5.165422772346636719e+12 -3.774184146929161621e+12 8.420828849178164062e+11
5.894056195121951368e-05 3.357349073720735625e+14 8.512754375588203125e+11 -2.554247434749806641e+12 -5.468821722967395508e+12
5.894065902439024341e-05 3.322287969633140625e+14 -2.557115519739179688e+12 1.800096655702247070e+12 -2.109784869929961914e+12
5.894075609756097993e-05 3.381394011206955625e+14 7.535977291525410156e+12 -1.045536390638738281e+12 -1.597898694801048828e+12
5.894085317073170967e-05 3.400000000000000000e+14 9.226172235979750000e+12 3.147757121498247070e+12 4.196522611248875977e+12
5.894095024390243263e-05 3.359847791471587500e+14 8.726883267427886719e+12 2.509121011521222656e+12 8.184605960716340332e+11
5.894104731707316914e-05 3.367661602193021250e+14 9.801783240525914062e+12 2.874127732492087891e+12 4.399163761818560547e+12
5.894114439024390566e-05 3.346420742116865625e+14 -7.956848361685546875e+11 -3.712001273733862305e+12 -3.457347362187473633e+12
5.894124146341464217e-05 3.355799316335738750e+14 4.153051081523253906e+12 -3.182320737934063477e+12 2.391875975813545898e+12
5.894133853658536514e-05 3.383694599226743125e+14 1.195184851047978516e+13 1.734429688707010742e+12 3.003146023224666016e+12
5.894143560975610165e-05 3.375774264263273750e+14 5.871877753604804688e+12 -2.266619790663753906e+12 -1.641123289956550293e+12
5.894153268292682461e-05 3.394987705009466250e+14 6.973842810733488281e+12 4.072016621223229492e+12 -4.111475965243581055e+12
5.894162975609756113e-05 3.312251939578636250e+14 2.865776212385828125e+12 4.234246181987730469e+12 -3.245359729288647461e+12
5.894172682926829764e-05 3.373659215274179375e+14 6.767501087497265625e+12 -1.274629519263538086e+12 -1.611798993218720215e+12
5.894182390243902738e-05 3.388921396308035000e+14 7.702241584993773438e+12 -1.607975813115333496e+12 -1.941175973782371338e+12
5.894192097560975712e-05 3.356902229211605000e+14 5.570628421471328125e+11 2.516037712671829102e+12 -7.114574648205863281e+12
5.894201804878049364e-05 3.352143474547958125e+14 7.083212367805070312e+12 5.095658186667223633e+12 -5.782116917378136719e+12
5.894211512195120982e-05 3.360258932284490625e+14 1.174333907705394141e+13 1.087027333493172656e+13 -1.287398838686736816e+12
5.894221219512194634e-05 3.329529280406288125e+14 4.994019808203339844e+12 6.029275964220507812e+11 -4.491091314639672852e+11
5.894230926829268285e-05 3.361406273643971250e+14 8.123638037767371094e+12 -5.851892840886718750e+09 3.814246573107797852e+12
5.894240634146341259e-05 3.337416801251670625e+14 8.564863315226093750e+12 5.088017855836803711e+12 1.228917426185502197e+12
5.894250341463414910e-05 3.360486066638248750e+14 2.274815676205050781e+12 -2.563771057627129395e+12 -5.955066288074266602e+12
5.894260048780487207e-05 3.354629580932071875e+14 3.932309884193304688e+12 2.136605011186728516e+12 -3.791900439495859375e+12
5.894269756097560858e-05 3.328093211688898750e+14 2.549112435509882812e+11 -1.986379673297066162e+12 -1.839633827044837402e+12
5.894279463414633832e-05 3.375862487157799375e+14 1.296694862593286328e+13 -8.448139403875800781e+11 3.877683274198745117e+12
5.894289170731707483e-05 3.371778842913910000e+14 5.699699381592082031e+12 -1.575720060462673096e+12 2.794239987886924805e+12
5.894298878048781135e-05 3.305873686514922500e+14 3.225820551420621094e+12 -5.077899374176708984e+11 3.351956658629052734e+10
5.894308585365853431e-05 3.337453153925478750e+14 8.674037805367160156e+12 7.478980570013103516e+12 3.907841766040994141e+12
5.894318292682927083e-05 3.329133666211431250e+14 4.922469545858769531e+12 1.981806138458825195e+12 -1.942752136961453369e+12
5.894327999999999379e-05 3.322201202640088750e+14 1.103917868763203516e+13 8.490106535056646484e+12 2.177051684031801025e+12
5.894337707317072353e-05 3.262830213618867500e+14 2.153539494307886719e+12 4.153810492457904297e+12 3.703297837341657227e+12
5.894347414634146682e-05 3.234303819673266875e+14 3.909553516660386719e+12 -2.841436379165576172e+10 -1.369228567418691406e+12
5.894357121951219656e-05 3.217105885323850625e+14 -1.988328412482925781e+12 -8.057800172281206055e+11 -5.356462090208592773e+12
5.894366829268292630e-05 3.175871808184328750e+14 3.552365317602054688e+12 1.884289505279110352e+12 4.781500815094908203e+12
5.894376536585366281e-05 3.141253810480225000e+14 9.269153791425175781e+12 9.850509201366503906e+11 1.934116888290363525e+12
5.894386243902438577e-05 3.218751583848261250e+14 9.164550069836804688e+12 5.358910100809134766e+12 9.082417136406301270e+11
5.894395951219512229e-05 3.150480569255773125e+14 -1.898658685077656250e+11 -3.401069927372714844e+12 9.166313975905131836e+11
5.894405658536585880e-05 3.226261300849206875e+14 4.690418926454980469e+12 -4.133871080348439453e+12 3.907309905489238281e+12
5.894415365853658854e-05 3.231595630527035625e+14 1.008037183699273438e+12 5.367289659003414062e+12 6.427255525487060547e+08
5.894425073170731828e-05 3.330965777765468750e+14 1.073814769465892578e+13 4.889175895464672852e+12 7.105339298014997070e+12
5.894434780487805479e-05 3.296814609913328750e+14 6.815012699148812500e+12 -3.245731383024169922e+11 -2.850172314897722656e+12
5.894444487804877776e-05 3.344043104376599375e+14 6.972303244594000000e+12 6.987404193772634766e+12 1.059016035170336914e+12
5.894454195121950749e-05 3.296917993770968750e+14 4.671751090605277344e+12 -3.088935029281199219e+12 9.337010295798371582e+11
5.894463902439024401e-05 3.313298434143728125e+14 6.145359473675394531e+12 -7.919683177798481445e+11 -2.584863688571318359e+12
5.894473609756098052e-05 3.324104995321317500e+14 3.384810778775128906e+12 -6.280935614306958008e+11 -1.419168207414479492e+12
5.894483317073171026e-05 3.373556656529153125e+14 7.072769042377406250e+12 -1.139851273497442383e+12 -3.348509303952642822e+11
5.894493024390243323e-05 3.347004971308797500e+14 7.806741982609777344e+12 1.187119560522573242e+11 4.048148340195887451e+11
5.894502731707316974e-05 3.317164269406418125e+14 6.527608456779539062e+12 1.158696853251981445e+12 2.717107641584889648e+12
5.894512439024390625e-05 3.323298362781088125e+14 1.169019879078136328e+13 5.667511815735009766e+12 -6.240823341385588867e+12
5.894522146341462922e-05 3.349752382854243125e+14 5.614975028656878906e+12 -7.965188789797358398e+11 4.047193242114281250e+12
5.894531853658537251e-05 3.351580558539343750e+14 5.061789968315875000e+12 1.655917225286665039e+12 -5.306118015401800537e+11
5.894541560975608869e-05 3.343297672445688125e+14 7.489522176484796875e+12 -1.857592705670349365e+12 -3.330835199846719727e+12
5.894551268292682521e-05 3.333140320277117500e+14 2.765607241237628906e+12 -1.664348773453732178e+12 -2.830520463928974609e+11
5.894560975609756172e-05 3.318809983324361875e+14 4.923488164448773438e+12 -6.734391866267778320e+12 -1.089164236428232178e+12
5.894570682926828469e-05 3.329805857773911250e+14 5.186403721881976562e+12 5.620631393972419922e+12 9.847608081830080566e+11
5.894580390243902120e-05 3.338671106455639375e+14 3.637316455612832031e+12 -2.759091571986469727e+12 -2.919747541166488281e+12
5.894590097560976449e-05 3.299186492698588125e+14 5.683980364979523438e+12 -1.232155254139690918e+12 -1.604712827314400391e+12
5.894599804878049423e-05 3.335396516611488750e+14 7.211087485738000000e+12 2.550290736860983398e+12 2.479958434659316406e+12
5.894609512195122397e-05 3.308182025523817500e+14 3.237158838319968750e+12 6.671287783076568359e+12 -5.181199260671639648e+12
5.894619219512196048e-05 3.335897831111927500e+14 7.896019286601507812e+12 6.719693311298316406e+12 3.226057588438900391e+12
5.894628926829267667e-05 3.338200445063121250e+14 3.789547820854402344e+12 -3.561331884675767090e+12 1.233923928988776123e+12
5.894638634146341318e-05 3.346717850944168125e+14 -1.910422127625386719e+12 -3.135482275753022949e+12 3.606417823476776123e+11
5.894648341463414970e-05 3.332327765158306250e+14 2.981863350078601562e+12 -4.371174592299334961e+12 1.550482307468603516e+11
5.894658048780487944e-05 3.286787656519156875e+14 2.636171571100554688e+12 6.692321761379568359e+12 -1.877293037576212158e+11
5.894667756097561595e-05 3.285951640871021875e+14 -5.774784237062031250e+11 -2.531176902122340820e+12 -1.485210622860514648e+12
5.894677463414633892e-05 3.317744331307618750e+14 5.065179394581117188e+12 -3.615240719346958984e+12 8.899277328096140137e+11
5.894687170731707543e-05 3.305167996025660000e+14 8.785070040740335938e+12 7.719088065889248047e+12 2.238816491405368164e+12
5.894696878048780517e-05 3.315916638413134375e+14 4.537703201622058594e+12 3.390344338691132812e+12 6.042278628997038574e+11
5.894706585365853491e-05 3.314763529089410000e+14 9.438612340604757812e+12 6.774680115582417969e+12 -1.327846006911534180e+12
5.894716292682927820e-05 3.309152504810249375e+14 5.556432588738808594e+12 -1.483580526429836670e+12 -2.883480099981056641e+12
5.894725999999999438e-05 3.329138656218857500e+14 7.214052667736128906e+12 -3.796195351038834961e+12 2.555366716080584961e+12
5.894735707317073090e-05 3.302320482242458125e+14 1.028676251594485156e+13 -7.439194718914238281e+11 1.865022790083211182e+12
5.894745414634146064e-05 3.287656374049099375e+14 2.195293797559789062e+12 -1.855722716672215820e+12 5.198121184056594727e+12
5.894755121951219038e-05 3.291248394640727500e+14 2.550484340219257812e+12 -1.900784335935315430e+12 1.994459821320795654e+12
5.894764829268292689e-05 3.286502894437536875e+14 1.037978363911864062e+13 1.406562547304541016e+11 -9.877770510741682129e+11
5.894774536585366341e-05 3.306111154178778750e+14 4.295198469946363281e+12 2.180632491509547852e+12 -3.862187190774256836e+12
5.894784243902438637e-05 3.283840474668343125e+14 3.840617931401140625e+12 2.679423090210599609e+12 1.917699258267900146e+12
5.894793951219512288e-05 3.306809785185173750e+14 1.903808947066187500e+12 1.045186851567935547e+12 1.117438812800627686e+12
5.894803658536584585e-05 3.316315976397068125e+14 8.220916511758687500e+12 5.392908217095019531e+12 -4.553123762074783936e+11
5.894813365853658236e-05 3.253236343848850625e+14 1.011620963214683594e+12 -3.398950199149245605e+12 1.753143004285676025e+12
5.894823073170731887e-05 3.265947379591832500e+14 2.459652363428457031e+12 -7.846649147635718750e+12 -2.498391547647836914e+12
5.894832780487805539e-05 3.250044527659360000e+14 4.070852484486828125e+12 1.036656140429035156e+12 1.290629150084870605e+12
5.894842487804877835e-05 3.247489086197980000e+14 -5.581792030922617188e+11 -3.284879082818645996e+12 -8.251996448789489746e+10
5.894852195121951487e-05 3.245725036155993750e+14 8.056279608624964844e+12 4.184840414406504883e+12 -1.032849787483725342e+12
5.894861902439024461e-05 3.223725469489663125e+14 6.584292797810531250e+12 -6.281161776643341797e+12 -6.165069454160700684e+11
5.894871609756097434e-05 3.265433632603371875e+14 9.833468780459312500e+12 3.853546549509384766e+12 3.280103046586714844e+12
5.894881317073169731e-05 3.204632332557766875e+14 6.267529424179765625e+12 4.685607244826453125e+12 1.897054620717190674e+12
5.894891024390244737e-05 3.179217087719888125e+14 6.309181124153773438e+12 -1.912256021958317139e+12 -5.135644290834265625e+12
5.894900731707317711e-05 3.142039106475796250e+14 8.843055211023324219e+12 9.566255242892158203e+11 3.150934674000795898e+12
5.894910439024390007e-05 3.142794185226019375e+14 3.175978897565265625e+12 2.428384465650928711e+12 -1.629315022217969727e+12
5.894920146341463659e-05 3.089215460904639375e+14 1.413018193395753906e+12 2.903001904455219727e+11 -2.866935449439566406e+12
5.894929853658536633e-05 3.067236757449895625e+14 -5.798244176964914062e+12 -7.304422620257846680e+12 2.027108336669984619e+12
5.894939560975609607e-05 3.067127836639533750e+14 2.153186525401902344e+12 -1.379294290510231689e+12 -2.983543560576227539e+12
5.894949268292683258e-05 3.078551871762241250e+14 6.872902167944304688e+12 -2.920695539282172852e+11 2.299400993603995361e+11
5.894958975609755554e-05 3.065147970245299375e+14 -3.655395483555945312e+12 -4.354685536368125000e+11 -3.085488038292834961e+12
5.894968682926829206e-05 3.106158973460653750e+14 4.563463928390867188e+12 3.524567267119165039e+11 1.509612016936104736e+12
5.894978390243902857e-05 3.136588955306857500e+14 1.011174346663380859e+13 8.643308338017197266e+11 -1.723958184298959961e+11
5.894988097560975154e-05 3.132265642820176875e+14 7.374287168924894531e+12 2.927699535392431641e+11 3.601357880617311523e+12
5.894997804878048805e-05 3.148446612558266875e+14 7.105147902071171875e+12 -3.079703236721518555e+11 3.086523484346107422e+12
5.895007512195122456e-05 3.109341597913995000e+14 6.777386915340703125e+11 -3.961838201727330566e+12 -1.474998597623609375e+12
5.895017219512194753e-05 3.175293961261857500e+14 5.110117846659609375e+12 2.046612218038354492e+11 2.159507777283098389e+12
5.895026926829268404e-05 3.156024625340783750e+14 5.272876539534019531e+12 -4.921036355290971680e+11 4.701905983272756836e+12
5.895036634146341378e-05 3.196210623916285000e+14 5.165511483193035156e+12 -1.669236752519432617e+12 4.298711543044362305e+12
5.895046341463414352e-05 3.150485889476735000e+14 4.122847933359484375e+12 2.853969046979224609e+12 1.447058824976770264e+12
5.895056048780488003e-05 3.158312245577215000e+14 3.314656597033617188e+12 2.269386274625651367e+12 -2.108284496969104492e+12
5.895065756097560300e-05 3.154113500737200625e+14 2.485562941083378906e+12 -2.904073585466413086e+12 -6.883819056619136963e+11
5.895075463414633951e-05 3.125480806505136875e+14 -2.023476928349980469e+12 2.442077644257836914e+12 -3.975414424536680664e+12
5.895085170731707603e-05 3.133176735464035625e+14 -4.255426426601531250e+12 -7.232678132935748047e+12 -1.301709384407446289e+11
5.895094878048780576e-05 3.105100076835973750e+14 9.566015641011953125e+11 6.025012347530242188e+12 2.505014389415439453e+12
5.895104585365854228e-05 3.066364975639578125e+14 6.211527371877906250e+12 8.040999413270791016e+11 -3.340437553486006836e+12
5.895114292682927202e-05 3.007280036584139375e+14 -5.750409764444894531e+12 8.842906654425908203e+11 -1.520464760525260254e+12
5.895123999999999498e-05 2.989374304744623125e+14 2.947879080857796875e+12 -8.055826064255532227e+11 -4.216942547981894531e+12
5.895133707317074505e-05 3.037295235332503125e+14 4.861165950599046875e+12 -5.266443775670718750e+12 1.003835970779716797e+12
5.895143414634146123e-05 2.976689037583421250e+14 4.317113603273648438e+12 -1.856996489788750000e+11 7.786687782712607422e+11
5.895153121951219775e-05 3.030212611542282500e+14 1.034177755234671875e+13 3.769851967827083984e+12 -1.732534973823421631e+11
5.895162829268292749e-05 3.052834499275970000e+14 7.000492094783949219e+12 2.216459573490567383e+12 9.160539965390041504e+11
5.895172536585365045e-05 3.028704114110806250e+14 2.724782153401656250e+12 5.290845843576759766e+12 -1.906281706837077148e+12
5.895182243902439374e-05 3.069178793680285000e+14 1.401052027668910156e+12 5.395016217700814453e+12 -1.147660297607920410e+12
5.895191951219513025e-05 3.070258053142496875e+14 6.040185072186132812e+11 -1.688210357322276123e+12 -1.376288377264283447e+11
5.895201658536585322e-05 3.062644224366785000e+14 1.350087801426691406e+12 -2.979700141024838867e+11 4.385166761989702148e+12
5.895211365853658973e-05 3.063240932547755625e+14 -7.540931032017226562e+11 -6.040510330245927734e+11 1.121336470602632080e+12
5.895221073170731269e-05 3.061476441606740000e+14 5.108806497846015625e+11 2.118981904304376953e+12 1.925987415067336670e+12
5.895230780487804921e-05 3.075156324091278125e+14 3.196513371026753906e+12 7.636167236365717773e+11 5.500528485692254883e+12
5.895240487804878572e-05 3.054211885452465000e+14 -4.045138852660937500e+10 2.720407638470466797e+12 -4.755284852917933594e+12
5.895250195121950869e-05 3.019367873926891250e+14 4.826772610906406250e+11 5.761234596790738281e+12 -2.648339165607814331e+11
5.895259902439024520e-05 2.996516403108379375e+14 -1.485285586808855469e+12 2.196289559282834961e+12 -8.395585505755921631e+11
5.895269609756097494e-05 3.024549494850206250e+14 2.429651926846695312e+12 1.660052994360967773e+12 8.276049974693002930e+11
5.895279317073171145e-05 2.986147217844870000e+14 4.121116899764492188e+11 -4.525004754969283203e+12 -2.549952187107816406e+12
5.895289024390244119e-05 2.986163849270103750e+14 1.903835101141632812e+12 1.193101540850261719e+12 9.827281106567890625e+11
5.895298731707316415e-05 3.006482354635821875e+14 3.898587868071980469e+12 -1.142194405739869629e+12 3.110201735661128906e+12
5.895308439024390067e-05 3.034294613635595000e+14 1.164049762477428516e+13 3.477710717579005859e+12 -3.832379663847973633e+12
5.895318146341463718e-05 2.956061878344632500e+14 7.435799151387421875e+12 -9.352854914337265625e+12 2.512750578021080078e+12
5.895327853658536692e-05 2.929100331634744375e+14 9.885290422806640625e+11 -4.233355002609866211e+12 -4.509667264871128906e+12
5.895337560975610344e-05 2.950982311695521875e+14 2.359939224929117188e+12 1.421931555413580078e+12 9.273390613620651855e+11
5.895347268292683318e-05 2.926188600260533125e+14 -1.271959500475039062e+12 -2.666545292113380859e+12 -1.738574896202960449e+12
5.895356975609755614e-05 2.920842996028416250e+14 7.150752947973937500e+12 6.114501302630914062e+12 -6.236463235093833008e+12
5.895366682926829265e-05 2.882996232142438125e+14 1.643935187643984375e+11 -6.681177671218725586e+11 4.929545909228820801e+10
5.895376390243902239e-05 2.883589115148620625e+14 3.084916418153941406e+12 2.547651244478408203e+12 -3.624823882005621948e+11
5.895386097560975891e-05 2.836898886539188125e+14 -6.219180555517671875e+12 -1.424154860448571045e+12 2.977592007198864746e+11
5.895395804878049542e-05 2.878663051455686875e+14 4.953495439941472656e+12 4.908503938460986328e+10 -2.766726814617869263e+11
5.895405512195121161e-05 2.826066322317526875e+14 -7.807640991431875000e+11 1.563239993857421875e+12 -9.864796292538562012e+11
5.895415219512194812e-05 2.830866934883287500e+14 4.115891915508730469e+12 -4.000507269207216797e+11 2.557668392376083984e+12
5.895424926829268464e-05 2.783334072926458750e+14 -6.102943615912617188e+11 9.531820672258847656e+11 -3.584037246512216797e+12
5.895434634146340760e-05 2.751298525128599062e+14 -1.502284330189527344e+12 -3.397099574549788574e+12 3.681254896910829102e+12
5.895444341463415089e-05 2.744582681965641250e+14 1.909736826404492188e+11 8.593694958664047852e+11 1.603232285451817627e+12
5.895454048780488063e-05 2.766092397440655625e+14 9.129235401257410156e+12 3.882022367988632812e+11 5.679450722994363281e+12
5.895463756097560359e-05 2.670569535510973125e+14 -3.341979707974269531e+12 -1.922680067472868408e+12 1.021495205359806396e+12
5.895473463414634688e-05 2.661059013609423750e+14 -2.985451289785406250e+12 -3.266917101342374023e+12 -2.184459409775698730e+12
5.895483170731706984e-05 2.655367300176435625e+14 3.372496287470312500e+10 -7.097558155442455078e+12 -9.500022227300091553e+10
5.895492878048779958e-05 2.622754631102339062e+14 7.532210832317968750e+11 6.538137878115654297e+11 1.808988002170036865e+12
5.895502585365853610e-05 2.643040508138719375e+14 -1.615579497931210938e+12 -3.534071165031356934e+12 2.189399743592301514e+12
5.895512292682927261e-05 2.567054141971013125e+14 9.168574826467031250e+11 -7.608677576495864258e+11 -1.047567426756344604e+11
5.895522000000000235e-05 2.546316094210422188e+14 -2.438898186597949219e+12 1.541273957937163086e+12 1.245628868716087158e+12
5.895531707317072531e-05 2.536007527191341562e+14 -1.403028882324921875e+12 -2.021219902389401611e+12 5.244707831838389648e+12
5.895541414634146183e-05 2.495379861896974062e+14 -2.580660868593585938e+12 -1.391415608243051758e+11 -1.393327218867017578e+12
5.895551121951219157e-05 2.490441921171344688e+14 1.022350273979218750e+12 -3.903629068799628906e+11 3.433688190196752930e+12
5.895560829268292808e-05 2.442910977781826875e+14 -4.554430054012871094e+12 -2.791838034469464355e+12 -8.392584484547207031e+11
5.895570536585366460e-05 2.396221469506385312e+14 9.154943709249843750e+11 2.393249185634891602e+12 1.636896516419140381e+12
5.895580243902439434e-05 2.358098166180582812e+14 1.315253872695078125e+12 2.869450232757988281e+12 1.666886370104564209e+11
5.895589951219511730e-05 2.293130982998703125e+14 -3.085050409321031250e+12 4.367128189688809570e+12 -4.491995392028458008e+12
5.895599658536585381e-05 2.261665761739638125e+14 -5.205786233881582031e+12 6.625446730729497070e+11 2.465772986866351562e+12
5.895609365853658355e-05 2.222876812021580938e+14 -8.554598354341775391e+12 -5.457381967376074219e+11 -1.722057426592073486e+12
5.895619073170732007e-05 2.182193209855100000e+14 -3.865947720781488281e+12 -2.655978913975351562e+11 -1.206908838223041504e+12
5.895628780487805658e-05 2.132376665325192500e+14 -7.393667672956730469e+12 -7.941700752943486328e+11 1.235362807113540039e+12
5.895638487804877277e-05 2.115516429464139375e+14 2.999865538210937500e+10 -3.340891002882080078e+10 -4.447866266123245117e+12
5.895648195121950928e-05 2.029997063038036250e+14 -8.181037261494642578e+12 1.981366514599246094e+12 3.435939752250354492e+12
5.895657902439024580e-05 2.000723931486852500e+14 -9.955254114144775391e+12 -2.669919917850630859e+12 8.840947066670075684e+11
5.895667609756096876e-05 1.927537158828990625e+14 -8.755762116545566406e+12 3.510692822402250977e+12 -1.886631083260449829e+11
5.895677317073170527e-05 1.914285634971036875e+14 -9.253381832315130859e+12 -2.439728242374273438e+12 5.242495935378981445e+12
5.895687024390244179e-05 1.834371528348961250e+14 -4.233323276319898438e+12 1.488833694891025391e+11 1.768975744091550049e+12
5.895696731707317830e-05 1.817937832817131562e+14 -1.274586015531320703e+13 -3.820569204442333984e+11 -3.062986091287373047e+12
5.895706439024390127e-05 1.745013281002260938e+14 -1.037398016965876562e+13 -7.683622782489033203e+11 -2.076938439233023926e+12
5.895716146341463100e-05 1.720256682706495938e+14 -9.920797235213845703e+12 -1.833210915184371826e+12 -7.465631226697098389e+11
5.895725853658536752e-05 1.667961294532395312e+14 -9.961527660091429688e+12 -2.110762464154356201e+12 2.506751243377717773e+12
5.895735560975609726e-05 1.603214983626755000e+14 -1.280510022172050977e+13 -3.568744024355908691e+12 1.459072658147347412e+11
5.895745268292683377e-05 1.543664481868298125e+14 -1.154249616101753125e+13 3.358875974222661133e+11 -7.344454519401766357e+11
5.895754975609757029e-05 1.488609908523479062e+14 -1.351176306923079688e+13 -3.630822120815805176e+12 -2.399418460928006836e+12
5.895764682926828647e-05 1.419263177989668438e+14 -1.240322022575072852e+13 5.090200851583554688e+11 -2.927288850557281250e+12
5.895774390243902299e-05 1.389148136992359688e+14 -1.162599597919797852e+13 -6.137479919395302734e+11 -1.004188794182187134e+12
5.895784097560975950e-05 1.287023288051999219e+14 -1.390297717839032031e+13 1.287660138872758789e+11 -3.358218243532929688e+12
5.895793804878048246e-05 1.250179553128740469e+14 -1.004489096795206055e+13 -7.454062365595957031e+11 6.336217259298740234e+11
5.895803512195122576e-05 1.132651268126470781e+14 -1.569422698130698828e+13 -9.276705550508857422e+11 1.586471115542898682e+12
5.895813219512196227e-05 1.034736182743582031e+14 -1.709118275586503125e+13 -9.241368201974384766e+11 -2.032877217401727783e+12
5.895822926829267846e-05 8.685121066356026562e+13 -1.752317511987397266e+13 -8.196917539376947266e+12 -2.781761398126563477e+12
5.895832634146341497e-05 7.340575439893673438e+13 -2.110029821254810938e+13 -2.621408946259003906e+12 -3.858121187802230469e+12
5.895842341463415149e-05 5.801744841936330469e+13 -1.543214030849563867e+13 -9.989128328517851562e+11 6.651786955109716797e+11
5.895852048780487445e-05 4.896423667597328906e+13 -2.142955437809710938e+13 -1.467413175891666260e+12 -4.546505936191628418e+11
5.895861756097561774e-05 3.472006332438300781e+13 -2.465495035239416016e+13 -6.229245882814938477e+12 -5.946351484225079102e+12
5.895871463414634748e-05 3.526951516677132031e+13 -2.346805644475596094e+13 -3.386467107873198730e+12 -2.027910446162638184e+12
5.895881170731707044e-05 2.928324041763944922e+13 -2.008189069495969141e+13 -1.895244039133724609e+12 1.181595231306222656e+12
5.895890878048780696e-05 2.630609388254014453e+13 -2.088404047350349609e+13 -2.408917083206572266e+12 -2.888159755501075195e+12
5.895900585365853669e-05 2.089472064433232422e+13 -2.390886413951098438e+13 -4.256942961967798340e+12 -9.443596773465942383e+11
5.895910292682926643e-05 2.233314972321734766e+13 -1.939950082866070312e+13 -4.224957615495665039e+12 -1.703969589170270020e+12
5.895920000000000295e-05 2.154664157044230078e+13 -2.148309415049003516e+13 -3.652930098993958008e+12 -5.271468100800072632e+11
5.895929707317073946e-05 2.214954449520879688e+13 -2.011585007768378906e+13 -2.316393116019139648e+12 -3.299480855994829102e+12
5.895939414634146242e-05 2.154228622041205469e+13 -2.332996796925913281e+13 -3.137471456541921387e+12 -2.693623162909160767e+11
5.895949121951219216e-05 2.480184713967067578e+13 -1.962430326803755469e+13 -4.243413851391090820e+12 1.018948382028128174e+12
5.895958829268292868e-05 2.323137785167798828e+13 -2.025560519506058594e+13 -5.383727466564504883e+12 3.713865098190917969e+08
5.895968536585365842e-05 2.462867174447803125e+13 -2.668628955250084766e+13 -4.452884881686534180e+12 -3.668135667721379883e+12
5.895978243902438138e-05 2.942100167408286719e+13 -2.214970503879594922e+13 -2.971319641726863770e+12 -2.386628412605235840e+12
5.895987951219513145e-05 3.839730580688923438e+13 -2.025183171966050391e+13 -2.420561905513605469e+12 -8.781944939828256836e+11
5.895997658536584763e-05 4.775525817769607031e+13 -2.285013897162216797e+13 3.230959900814765625e+11 -4.639960917904916992e+12
5.896007365853658415e-05 6.663159556600444531e+13 -1.619533421346323047e+13 -6.497819879837148438e+11 3.863744060262296875e+12
5.896017073170732066e-05 7.799085633639832812e+13 -1.703880773247030078e+13 2.059833827576539062e+12 -6.855120873263610840e+11
5.896026780487803685e-05 1.002274635869091719e+14 -1.228711320530208789e+13 7.630301554878852539e+11 2.665996124156411133e+12
5.896036487804877336e-05 1.140531113672510469e+14 -1.378723623608021875e+13 2.271132849423444336e+12 -3.220335937619004883e+12
5.896046195121952343e-05 1.244922879311391250e+14 -1.191981127663414844e+13 5.451796291949880859e+12 -4.787722260908862305e+12
5.896055902439023962e-05 1.342368668536319688e+14 -1.100389971772385352e+13 -2.305304383392377441e+12 3.483129935381017578e+12
5.896065609756097613e-05 1.428619831006339062e+14 -1.345530804087699023e+13 -1.373121575483406738e+12 -3.692152137083068848e+11
5.896075317073171264e-05 1.488828893775775938e+14 -6.805385228762750000e+12 1.756300649813254883e+12 -2.700606576363588867e+12
5.896085024390243561e-05 1.520009431753136250e+14 -1.187132353889655664e+13 -2.935201154882936523e+12 3.388106390039708984e+12
5.896094731707317212e-05 1.603650857366880938e+14 -9.824675846451810547e+12 -5.416958747631370117e+12 2.044359647839812256e+12
5.896104439024390864e-05 1.610880161717858750e+14 -1.053167129622821680e+13 -1.419673943276542969e+11 3.151396599476107422e+12
5.896114146341463160e-05 1.661472645857194688e+14 -1.269043123937152734e+13 -1.156522352071539551e+12 -3.864263312788200195e+12
5.896123853658536811e-05 1.735033608459404375e+14 -6.194678167788371094e+12 1.978445973216856445e+12 -4.080696118435278320e+12
5.896133560975609785e-05 1.722533288667913125e+14 -1.058929720459897070e+13 -7.406659750222470703e+11 1.315766933945901855e+12
5.896143268292682759e-05 1.818484247895761562e+14 -1.244700313793814062e+13 -6.642187316623076172e+11 -5.284200338514537109e+12
5.896152975609756411e-05 1.839683599255938125e+14 -7.864033401412009766e+12 -1.423523679819828613e+12 1.907636300474518311e+12
5.896162682926828707e-05 1.933578607730945938e+14 -1.194749516364041016e+13 -1.330618106612252686e+12 -9.545863308217020264e+11
5.896172390243903714e-05 1.982044953834083438e+14 -5.093971172088453125e+12 1.954795200583291016e+11 1.090198896877821045e+11
5.896182097560975332e-05 1.992079613807099375e+14 -1.177767716900999414e+13 -3.626876074419110840e+12 -1.472606314252051270e+12
5.896191804878048984e-05 2.018930544592167500e+14 -5.136381216058707031e+12 -2.882202888313281250e+11 -3.706591829329044922e+12
5.896201512195122635e-05 2.057511102165432812e+14 -6.652694344605867188e+12 5.926632175719087891e+12 -3.930798130875482422e+12
5.896211219512194254e-05 2.099806359343011875e+14 -5.668075741294046875e+12 -3.745058727578844727e+12 -3.580016089558206177e+11
5.896220926829267905e-05 2.182755177699310625e+14 -2.770279432997699219e+12 2.795653654328824219e+12 -3.186327160285266724e+11
5.896230634146341557e-05 2.221179242059592188e+14 -2.022700571303906250e+11 -1.188339420713084961e+12 -8.607401604486323242e+11
5.896240341463414531e-05 2.228727307208989375e+14 -1.631999649432257812e+12 3.869851523227872070e+12 1.790036504248860107e+12
5.896250048780488182e-05 2.270824296856261250e+14 -3.159695239777867188e+12 -3.967165234122192383e+11 -1.453189359139836670e+12
5.896259756097561156e-05 2.296029531139468438e+14 -2.242352570853828125e+12 -2.063175644511051025e+12 1.588373099929027588e+12
5.896269463414633452e-05 2.330504127623825000e+14 -1.774054648793464844e+12 2.662250150372185547e+12 -6.609488374614866943e+11
5.896279170731707104e-05 2.345185439867440625e+14 -3.584550430598500000e+12 -4.253032672949125977e+11 2.063048052749107666e+11
5.896288878048780755e-05 2.366415706222423438e+14 -5.129986267308546875e+12 -2.031959439698189209e+12 -6.676605166740954590e+11
5.896298585365853729e-05 2.429533282396868750e+14 -2.200303050266582031e+12 -1.173775319511084473e+12 -7.321910469196861572e+11
5.896308292682927380e-05 2.438289126829170625e+14 -5.821106317239699219e+12 4.392810768519814453e+12 -4.086314514727679688e+12
5.896318000000000354e-05 2.486785422148207812e+14 2.550885338003781250e+12 3.030833489715561523e+12 3.793904501386547852e+12
5.896327707317072650e-05 2.520839614056282188e+14 -1.139945690686933594e+12 -5.597598842498173828e+11 8.548063872705539551e+11
5.896337414634146302e-05 2.518844912505695625e+14 -3.884636800941367188e+11 3.483147472383189453e+12 -4.540792163848166016e+12
5.896347121951219953e-05 2.561579608581713438e+14 1.214110987684972656e+12 4.585426028379125000e+12 2.568297429352847656e+12
5.896356829268292927e-05 2.575457133446046250e+14 1.142548315368875000e+12 1.753540102938867188e+11 -5.341538494289308472e+11
5.896366536585365901e-05 2.567407302879965312e+14 -1.562372325222250000e+12 5.884724391840992188e+12 3.136182680194950195e+12
5.896376243902439553e-05 2.564751142644442500e+14 3.697590193278265625e+12 3.045030903119371094e+12 -4.496842673333374023e+10
5.896385951219512526e-05 2.557708810743987812e+14 3.504340244072792969e+12 1.973539831846077148e+12 -1.459990446584459229e+12
5.896395658536584823e-05 2.565958720644924688e+14 -6.396756605125507812e+11 -2.255117550592686523e+12 -4.277649785637516602e+12
5.896405365853659829e-05 2.578336239935602188e+14 -9.315900994049062500e+11 -6.243348229868259766e+12 1.844255069665154053e+12
5.896415073170731448e-05 2.570033743168496875e+14 1.601263102930492188e+12 -7.079450892820016602e+12 -6.573417560523968506e+11
5.896424780487805100e-05 2.543741554923716250e+14 -3.169961788556863281e+12 7.771778224339279297e+12 -2.557222001453465820e+12
5.896434487804878751e-05 2.646140574313576875e+14 1.437888113406210938e+12 -2.600860261362745117e+12 4.310473212797259521e+11
5.896444195121950370e-05 2.594841835440300312e+14 -1.431348993049644531e+12 -6.214318984502153320e+11 -5.713497181004208984e+11
5.896453902439024021e-05 2.617138392814111250e+14 1.110762528881175781e+12 -2.881675797410115234e+12 1.448447592090972656e+12
5.896463609756097673e-05 2.635188424173353125e+14 -5.146094866956761719e+12 4.155641315590751953e+12 -3.306475548211725586e+12
5.896473317073170646e-05 2.592486366725843438e+14 -4.220610615629171875e+12 1.910501455559805664e+12 -3.357721695386780273e+12
5.896483024390244298e-05 2.615160562740916562e+14 -1.059393543461339844e+12 2.952427324452170898e+12 6.448284038908876953e+11
5.896492731707317272e-05 2.685312371761045625e+14 4.027131075588859375e+12 -1.743048411642821289e+12 6.617439058135046875e+12
5.896502439024389568e-05 2.713567171569871875e+14 4.947755822824429688e+12 -9.126596967341328125e+11 -3.422145318387316895e+11
5.896512146341463219e-05 2.798156159103665000e+14 3.394103113347671875e+12 8.444118504083510742e+11 2.281373235293682617e+12
5.896521853658536193e-05 2.829791693611125625e+14 4.536638475832113281e+12 -1.119886739644113281e+12 4.894660600381597656e+12
5.896531560975609845e-05 2.836773853222487500e+14 -7.060589410144843750e+11 -4.680271442917832031e+12 1.881040444662778320e+11
5.896541268292683496e-05 2.869487096663804375e+14 -2.572534190646476562e+12 -4.419442100222433594e+12 -4.584769075768933105e+10
5.896550975609756470e-05 2.915766014401418750e+14 2.899298418101636719e+12 3.670278252985584961e+12 -5.186224845452807617e+11
5.896560682926828766e-05 2.929639078090406875e+14 4.061374157333621094e+12 1.322012078758729492e+12 5.395146941823920898e+11
5.896570390243902418e-05 2.963070745130094375e+14 5.648916252629617188e+12 1.228781646387919922e+12 -2.276799614930655762e+12
5.896580097560975392e-05 2.960177542456985625e+14 3.905682766792398438e+12 -1.407055620905754639e+12 1.199394951112047363e+12
5.896589804878049043e-05 2.990327234988167500e+14 4.897300651543519531e+12 4.361020812098925781e+12 3.599640928865477295e+11
5.896599512195122017e-05 3.031629660790685000e+14 7.571058263654011719e+12 3.590313826537031250e+11 8.351745518507750977e+12
5.896609219512195669e-05 3.034479157535244375e+14 2.032806604961562500e+11 -3.350980344403142090e+12 2.949538139380583984e+12
5.896618926829269320e-05 3.044069670206823750e+14 6.676588629621613281e+12 6.103467273892349609e+12 4.509970107726896484e+12
5.896628634146340939e-05 3.035502234060297500e+14 6.143979843578390625e+12 5.370639673526357422e+11 7.366313780318256836e+11
5.896638341463414590e-05 3.004433018743138750e+14 5.967735573803945312e+11 -3.995061029911122559e+12 3.825297304048803711e+12
5.896648048780487564e-05 3.052984025488263125e+14 1.169289884226296875e+12 8.815655943938505859e+12 -3.063739967726470703e+12
5.896657756097561215e-05 3.043995847585675625e+14 -1.065167135347394531e+12 6.516781761351313477e+11 6.522641636139230957e+11
5.896667463414634867e-05 3.095629689184656875e+14 5.563636130423554688e+11 4.436873254668725586e+12 -2.194692296397750977e+12
5.896677170731707841e-05 3.099164275448683750e+14 1.053928706076439062e+13 4.921167189920091797e+12 8.078453438235092773e+11
5.896686878048780137e-05 3.053383848480630000e+14 5.561646533921109375e+12 4.044390021097949219e+12 2.735510386005660156e+12
5.896696585365853788e-05 3.092950590214313125e+14 5.096219700661511719e+12 2.211217213002121094e+12 -4.812536361547368774e+11
5.896706292682926085e-05 3.098572754076174375e+14 2.919172766851816406e+12 5.739421618416525391e+12 3.088267656250162109e+12
5.896716000000000414e-05 3.100808007738360000e+14 3.761133723952289062e+12 4.950709689729442383e+12 1.216549787937010498e+12
5.896725707317073388e-05 3.108501493425238750e+14 4.825624859450402344e+12 -2.324264159597796875e+12 3.640982424251748047e+12
5.896735414634145684e-05 3.148388395914452500e+14 1.337995116734323047e+13 -2.493481761204060547e+12 3.409917508282513428e+11
5.896745121951219335e-05 3.088671930551897500e+14 4.339283138233632812e+12 -1.072120598488818359e+11 1.136811034087259521e+11
5.896754829268292309e-05 3.100725501846021875e+14 5.850294650432449219e+12 -3.023839952125296875e+12 -4.169069090134679565e+11
5.896764536585365961e-05 3.090833053767890000e+14 1.079592166366941406e+12 -5.942367231936373047e+12 3.739127839091230469e+12
5.896774243902439612e-05 3.118723646281765625e+14 5.532401198458375000e+12 -1.444968237038242920e+12 -7.898091736372127686e+11
5.896783951219512586e-05 3.077799073604813125e+14 2.415837480657953125e+12 -1.208812815022968750e+12 6.399821667539759766e+12
5.896793658536586238e-05 3.032485557698219375e+14 2.174023458701484375e+12 -8.366627249077041016e+11 -6.130363108916484375e+11
5.896803365853658534e-05 2.972517176302779375e+14 -2.402771624554687500e+12 -3.069414283680511230e+12 -2.845603053242646484e+12
5.896813073170731508e-05 2.976712247349266250e+14 8.370914601107601562e+12 4.232412894692364258e+12 -1.044297989480416016e+12
5.896822780487805159e-05 2.931230597622530625e+14 2.197633744821226562e+12 -2.010794378031939697e+12 2.196033223830619873e+12
5.896832487804878133e-05 2.922623714450225000e+14 -6.626832720605687500e+12 6.329646181914316406e+11 -1.145524503946456787e+12
5.896842195121951784e-05 2.952643355306268750e+14 4.252852773047859375e+12 1.444737957003850586e+12 -5.132848123025479492e+12
5.896851902439025436e-05 3.010705472620930625e+14 5.427871285163816406e+12 -6.193744247567203125e+12 1.308986343502627930e+12
5.896861609756097054e-05 3.044875148136852500e+14 4.076048639595671875e+12 4.849203164883588867e+12 -8.893130183316508789e+11
5.896871317073170706e-05 3.116796604389161250e+14 4.635635535236722656e+12 6.946404327878178711e+11 -6.466177522139960938e+11
5.896881024390244357e-05 3.114911453435146875e+14 3.159643830267039062e+12 4.396077724953491211e+11 -1.183490511558316162e+12
5.896890731707315976e-05 3.176318720286805625e+14 2.356645844046617188e+12 -5.206535966213706055e+12 1.514963358071837646e+12
5.896900439024389628e-05 3.208658203748632500e+14 4.360260517430535156e+12 -1.787608265684778564e+12 3.308063773286859375e+12
5.896910146341463279e-05 3.206610810040172500e+14 1.633272771250089844e+12 -1.090774581495055664e+12 -1.802204312895195923e+11
5.896919853658535575e-05 3.202123087793296250e+14 9.096345434651875000e+11 1.315901926286081055e+12 2.738660644554632812e+12
5.896929560975610582e-05 3.234174844723713750e+14 2.252323125738140625e+12 1.906209964502778320e+12 1.719030141895137451e+12
5.896939268292683556e-05 3.267756441530122500e+14 6.451076964053964844e+12 7.753439609073388672e+11 2.682577514136990234e+12
5.896948975609756530e-05 3.229057826445771250e+14 1.321540328240945312e+12 -7.938148756616044922e+11 -3.171307949281903076e+11
5.896958682926830181e-05 3.249936575485701250e+14 4.854803015710683594e+12 -4.148254301835475586e+12 3.803939416722045898e+12
5.896968390243903155e-05 3.312492310487613750e+14 5.871134491259359375e+12 -6.326876897702095703e+12 2.487849288288737305e+12
5.896978097560975451e-05 3.240471988862926250e+14 6.481185663720550781e+12 1.550242771548754883e+12 2.660619469533525391e+12
5.896987804878048425e-05 3.235965522958638125e+14 3.579998021503203125e+12 4.176074153532504883e+11 -1.271533158776902100e+12
5.896997512195122077e-05 3.240960867877761875e+14 3.212441971023871094e+12 1.818800371038090820e+11 -1.235210493719385376e+11
5.897007219512195050e-05 3.302813200971725000e+14 4.375130406177082031e+12 4.633008091448161133e+12 -4.139236545660480469e+12
5.897016926829267347e-05 3.260390761392765625e+14 1.497886514830273438e+11 9.100017279015332031e+11 -6.366226343529760742e+11
5.897026634146340998e-05 3.304936399397651875e+14 5.227060617743355469e+12 -7.279127945520390625e+11 -8.227421393161907959e+11
5.897036341463413972e-05 3.263487946615501875e+14 -7.671812636280429688e+11 -1.023044254531479883e+13 2.435931402450660156e+12
5.897046048780488301e-05 3.255748971291659375e+14 3.359947040471113281e+12 -3.106275023016852051e+12 4.773534270774540039e+12
5.897055756097561953e-05 3.268498102452809375e+14 8.189281197242984375e+12 -2.368457360682440430e+12 4.110150082263673828e+12
5.897065463414634249e-05 3.280555885707446875e+14 7.929689913176750000e+12 3.719945234584166992e+12 -2.389427797166007812e+12
5.897075170731707900e-05 3.243688099111128125e+14 -3.133236017479375000e+11 -1.303302668008496094e+11 -4.979278521896354492e+12
5.897084878048781552e-05 3.259165026081523750e+14 3.942009222917195312e+12 8.280788083144619141e+11 1.046102727261191162e+12
5.897094585365853848e-05 3.224797341074787500e+14 -1.109212826399335938e+11 -4.270786766565555664e+12 1.053245590480872559e+12
5.897104292682926822e-05 3.171485318345379375e+14 5.744526244973437500e+10 -2.826108887366152344e+11 1.690555564323935547e+11
5.897114000000000473e-05 3.215736518725168125e+14 2.413308925267019531e+12 6.443233433425830078e+10 1.131639814187866211e+11
5.897123707317072092e-05 3.274883269190974375e+14 9.035165968529070312e+12 2.106496752595689453e+12 3.076599842274920898e+12
5.897133414634145743e-05 3.280211351519412500e+14 5.586148969139128906e+12 -2.393443799531491211e+12 4.472861930455940430e+12
5.897143121951219395e-05 3.226873066575443125e+14 2.925914731282199219e+12 -4.051542679624296875e+12 2.038850300735767334e+12
5.897152829268292369e-05 3.204858057327868125e+14 1.504533755791500000e+12 1.427753514455668945e+12 -1.828829425989090820e+12
5.897162536585365343e-05 3.187650311611185000e+14 1.985700797988250000e+12 -3.514680989114229980e+12 -2.503066824713247070e+12
5.897172243902439672e-05 3.169690947648416875e+14 5.165447780920406250e+12 3.604292138114540039e+12 -9.469721624284631348e+11
5.897181951219512646e-05 3.164568239603517500e+14 8.472771006722000000e+12 -3.214822470781666992e+12 -4.275630244709179688e+10
