1 2.1192800e+08 4.5728417e+03 2.2491841e+01 1.0606463e+11 
2 2.0025320e+08 2.2452554e+04 1.0772085e+02 1.5312944e+11 
3 1.8857850e+08 6.9210891e+04 3.6984784e+02 2.1276229e+11 
4 1.7690370e+08 1.6148996e+05 1.1174429e+03 2.8774370e+11 
5 1.6522890e+08 3.0595463e+05 2.9778510e+03 3.6942686e+11 
6 1.5355410e+08 4.6505495e+05 6.2175736e+03 4.3823602e+11 
7 1.4187939e+08 6.3768288e+05 1.0976288e+04 4.9589758e+11 
8 1.3020460e+08 7.6821366e+05 1.5886341e+04 5.2097573e+11 
9 1.1852980e+08 8.0751444e+05 1.8798480e+04 4.9713219e+11 
10 1.0685510e+08 7.7590644e+05 1.9384529e+04 4.4305522e+11 
11 9.5180280e+07 6.2106897e+05 1.6116665e+04 3.4425813e+11 
12 8.3505512e+07 3.4403744e+05 9.0809616e+03 2.0796090e+11 
13 7.1830728e+07 7.7577805e+04 2.0588736e+03 6.1122314e+10 
14 6.0155960e+07 1.7261219e+04 4.5863275e+02 7.5767890e+09 
15 4.8481192e+07 3.2354291e+04 8.5996519e+02 5.0293300e+09 
16 3.6806420e+07 2.4939884e+05 6.6435789e+03 1.6526525e+10 
17 2.5131650e+07 2.4756421e+06 6.7632172e+04 8.0740277e+10 
18 1.3456870e+07 3.4242255e+07 1.1493920e+06 6.9134885e+11 
19 1.7821020e+06 2.5648695e+09 1.7134026e+08 3.1184205e+13 
20 -9.8926700e+06 1.8028662e+12 3.9398597e+11 3.8490410e+15 
