1 1 -2.430981e+00 -1.097450e-02 -4.640006e+05 
1 2 8.003187e-03 -3.409730e-04 -7.662214e-03 
1 3 2.230102e-02 -7.668999e-04 -2.153412e-02 
1 4 4.769058e-02 -1.438124e-03 -4.625245e-02 
1 5 6.905962e-02 -1.877898e-03 -6.718173e-02 
1 6 7.241850e-02 -1.804277e-03 -7.061423e-02 
1 7 6.738813e-02 -1.537689e-03 -6.585044e-02 
1 8 5.682772e-02 -1.179210e-03 -5.564851e-02 
1 9 4.485859e-02 -8.278351e-04 -4.403075e-02 
1 10 3.465354e-02 -5.590982e-04 -3.409444e-02 
1 11 2.406592e-02 -3.249729e-04 -2.374095e-02 
1 12 1.260502e-02 -1.337634e-04 -1.247125e-02 
1 13 2.983055e-03 -2.103240e-05 -2.962023e-03 
1 14 7.074632e-04 -3.265760e-06 -7.041974e-04 
1 15 1.331328e-03 -5.697759e-06 -1.325631e-03 
1 16 9.716056e-03 -4.845747e-05 -9.667599e-03 
1 17 7.183504e-02 -4.431939e-04 -7.139185e-02 
1 18 6.202131e-02 -5.178110e-04 -6.150350e-02 
1 19 -1.904476e-02 3.124172e-04 1.873235e-02 
1 20 -1.742012e-05 9.362414e-07 1.648388e-05 
2 1 -1.025850e-05 6.303480e-07 9.628155e-06 
2 2 -1.493718e+01 -6.987827e-02 1.508532e+06 
2 3 4.712965e-01 -1.620720e-02 -4.550893e-01 
2 4 9.537188e-01 -2.875969e-02 -9.249592e-01 
2 5 1.359124e+00 -3.695788e-02 -1.322166e+00 
2 6 1.398224e+00 -3.483617e-02 -1.363388e+00 
2 7 1.280328e+00 -2.921503e-02 -1.251113e+00 
2 8 1.067075e+00 -2.214246e-02 -1.044932e+00 
2 9 8.359354e-01 -1.542663e-02 -8.205088e-01 
2 10 6.428345e-01 -1.037146e-02 -6.324631e-01 
2 11 4.453852e-01 -6.014234e-03 -4.393710e-01 
2 12 2.330762e-01 -2.473386e-03 -2.306028e-01 
2 13 5.515013e-02 -3.888428e-04 -5.476128e-02 
2 14 1.307938e-02 -6.037646e-05 -1.301900e-02 
2 15 2.461279e-02 -1.053367e-04 -2.450746e-02 
2 16 1.796022e-01 -8.957411e-04 -1.787065e-01 
2 17 1.326222e+00 -8.182265e-03 -1.318039e+00 
2 18 1.085579e+00 -9.063416e-03 -1.076516e+00 
2 19 -3.556960e-01 5.834966e-03 3.498610e-01 
2 20 -3.254360e-04 1.749051e-05 3.079455e-04 
3 1 -3.069785e-03 1.886272e-04 2.881158e-03 
3 2 -2.747038e-02 1.170366e-03 2.630002e-02 
3 3 -4.245407e+01 -2.292502e-01 1.709167e+07 
3 4 2.446982e+00 -7.378949e-02 -2.373192e+00 
3 5 3.280513e+00 -8.920509e-02 -3.191308e+00 
3 6 3.329520e+00 -8.295362e-02 -3.246567e+00 
3 7 3.007201e+00 -6.861951e-02 -2.938581e+00 
3 8 2.480554e+00 -5.147300e-02 -2.429081e+00 
3 9 1.930198e+00 -3.562051e-02 -1.894577e+00 
3 10 1.478354e+00 -2.385167e-02 -1.454502e+00 
3 11 1.022140e+00 -1.380241e-02 -1.008338e+00 
3 12 5.344839e-01 -5.671900e-03 -5.288120e-01 
3 13 1.264506e-01 -8.915554e-04 -1.255590e-01 
3 14 2.998883e-02 -1.384331e-04 -2.985040e-02 
3 15 5.643213e-02 -2.415157e-04 -5.619062e-02 
3 16 4.117457e-01 -2.053524e-03 -4.096921e-01 
3 17 3.037045e+00 -1.873737e-02 -3.018308e+00 
3 18 2.366204e+00 -1.975525e-02 -2.346448e+00 
3 19 -8.225328e-01 1.349313e-02 8.090397e-01 
3 20 -7.526760e-04 4.045245e-05 7.122236e-04 
4 1 -7.467851e-03 4.588725e-04 7.008979e-03 
4 2 -5.697904e-02 2.427572e-03 5.455147e-02 
4 3 -2.795865e-01 9.614573e-03 2.699719e-01 
4 4 -4.205782e+01 -2.649626e-01 8.123465e+07 
4 5 2.303195e+00 -6.262944e-02 -2.240565e+00 
4 6 2.144601e+00 -5.343185e-02 -2.091169e+00 
4 7 1.823495e+00 -4.160925e-02 -1.781886e+00 
4 8 1.418695e+00 -2.943879e-02 -1.389256e+00 
4 9 1.058964e+00 -1.954247e-02 -1.039421e+00 
4 10 7.903727e-01 -1.275183e-02 -7.776208e-01 
4 11 5.390745e-01 -7.279363e-03 -5.317951e-01 
4 12 2.804403e-01 -2.976010e-03 -2.774643e-01 
4 13 6.628448e-02 -4.673469e-04 -6.581713e-02 
4 14 1.571946e-02 -7.256349e-05 -1.564690e-02 
4 15 2.957734e-02 -1.265838e-04 -2.945076e-02 
4 16 2.156461e-01 -1.075505e-03 -2.145706e-01 
4 17 1.578906e+00 -9.741230e-03 -1.569165e+00 
4 18 8.157359e-01 -6.810514e-03 -8.089254e-01 
4 19 -4.555091e-01 7.472337e-03 4.480368e-01 
4 20 -4.170519e-04 2.241439e-05 3.946375e-04 
5 1 -1.355524e-02 8.329204e-04 1.272232e-02 
5 2 -1.020548e-01 4.348009e-03 9.770680e-02 
5 3 -4.524696e-01 1.555977e-02 4.369098e-01 
5 4 -1.464364e+00 4.415836e-02 1.420206e+00 
5 5 1.196186e+02 1.636893e+00 2.353892e+08 
5 6 -1.902018e+01 4.738799e-01 1.854630e+01 
5 7 -1.671406e+01 3.813880e-01 1.633267e+01 
5 8 -1.391581e+01 2.887616e-01 1.362705e+01 
5 9 -1.092263e+01 2.015698e-01 1.072106e+01 
5 10 -8.414492e+00 1.357589e-01 8.278733e+00 
5 11 -5.835865e+00 7.880428e-02 5.757061e+00 
5 12 -3.055131e+00 3.242081e-02 3.022711e+00 
5 13 -7.229443e-01 5.097208e-03 7.178471e-01 
5 14 -1.714530e-01 7.914540e-04 1.706616e-01 
5 15 -3.226428e-01 1.380832e-03 3.212620e-01 
5 16 -2.354485e+00 1.174267e-02 2.342743e+00 
5 17 -1.739606e+01 1.073268e-01 1.728873e+01 
5 18 -1.465386e+01 1.223439e-01 1.453151e+01 
5 19 4.628750e+00 -7.593169e-02 -4.552818e+00 
5 20 4.236633e-03 -2.276971e-04 -4.008936e-03 
6 1 -2.000115e-02 1.228998e-03 1.877215e-02 
6 2 -1.472522e-01 6.273628e-03 1.409786e-01 
6 3 -6.366926e-01 2.189493e-02 6.147976e-01 
6 4 -2.197034e+00 6.625225e-02 2.130782e+00 
6 5 -5.072159e+00 1.379243e-01 4.934235e+00 
6 6 5.109910e+02 8.612574e+00 4.485967e+08 
6 7 -6.866737e+01 1.566879e+00 6.710049e+01 
6 8 -5.467535e+01 1.134547e+00 5.354080e+01 
6 9 -4.220750e+01 7.789111e-01 4.142859e+01 
6 10 -3.221554e+01 5.197636e-01 3.169577e+01 
6 11 -2.224299e+01 3.003570e-01 2.194263e+01 
6 12 -1.162508e+01 1.233644e-01 1.150171e+01 
6 13 -2.749978e+00 1.938906e-02 2.730589e+00 
6 14 -6.521726e-01 3.010530e-03 6.491621e-01 
6 15 -1.227225e+00 5.252223e-03 1.221973e+00 
6 16 -8.953564e+00 4.465465e-02 8.908909e+00 
6 17 -6.600505e+01 4.072251e-01 6.559783e+01 
6 18 -5.088020e+01 4.247948e-01 5.045541e+01 
6 19 1.783857e+01 -2.926304e-01 -1.754594e+01 
6 20 1.633587e-02 -8.779689e-04 -1.545790e-02 
7 1 -2.527515e-02 1.553067e-03 2.372208e-02 
7 2 -1.832489e-01 7.807255e-03 1.754416e-01 
7 3 -7.801123e-01 2.682693e-02 7.532854e-01 
7 4 -2.623108e+00 7.910064e-02 2.544008e+00 
7 5 -7.614316e+00 2.070517e-01 7.407264e+00 
7 6 -1.437184e+01 3.580684e-01 1.401377e+01 
7 7 1.109589e+03 2.321665e+01 6.835741e+08 
7 8 -1.272315e+02 2.640130e+00 1.245913e+02 
7 9 -9.572986e+01 1.766630e+00 9.396323e+01 
7 10 -7.214070e+01 1.163914e+00 7.097679e+01 
7 11 -4.950211e+01 6.684490e-01 4.883366e+01 
7 12 -2.581285e+01 2.739239e-01 2.553893e+01 
7 13 -6.103232e+00 4.303159e-02 6.060201e+00 
7 14 -1.447365e+00 6.681261e-03 1.440683e+00 
7 15 -2.723442e+00 1.165566e-02 2.711787e+00 
7 16 -1.986330e+01 9.906543e-02 1.976423e+01 
7 17 -1.460183e+02 9.008756e-01 1.451175e+02 
7 18 -1.017283e+02 8.493218e-01 1.008790e+02 
7 19 3.991093e+01 -6.547134e-01 -3.925622e+01 
7 20 3.657924e-02 -1.965946e-03 -3.461330e-02 
8 1 -2.592630e-02 1.593078e-03 2.433322e-02 
8 2 -1.853255e-01 7.895727e-03 1.774298e-01 
8 3 -7.788204e-01 2.678250e-02 7.520379e-01 
8 4 -2.567180e+00 7.741412e-02 2.489766e+00 
8 5 -7.172665e+00 1.950421e-01 6.977623e+00 
8 6 -1.608058e+01 4.006409e-01 1.567994e+01 
8 7 -2.446640e+01 5.582842e-01 2.390812e+01 
8 8 1.740539e+03 4.203114e+01 8.663120e+08 
8 9 -1.626429e+02 3.001466e+00 1.596415e+02 
8 10 -1.176545e+02 1.898231e+00 1.157563e+02 
8 11 -7.955647e+01 1.074286e+00 7.848218e+01 
8 12 -4.133163e+01 4.386080e-01 4.089302e+01 
8 13 -9.765638e+00 6.885384e-02 9.696784e+00 
8 14 -2.315742e+00 1.068983e-02 2.305052e+00 
8 15 -4.357135e+00 1.864747e-02 4.338488e+00 
8 16 -3.176566e+01 1.584268e-01 3.160724e+01 
8 17 -2.327829e+02 1.436179e+00 2.313467e+02 
8 18 -1.468500e+02 1.226039e+00 1.456239e+02 
8 19 6.429098e+01 -1.054653e+00 -6.323633e+01 
8 20 5.896901e-02 -3.169280e-03 -5.579973e-02 
9 1 -1.911070e-02 1.174284e-03 1.793642e-02 
9 2 -1.365074e-01 5.815851e-03 1.306916e-01 
9 3 -5.730932e-01 1.970784e-02 5.533854e-01 
9 4 -1.885648e+00 5.686230e-02 1.828786e+00 
9 5 -5.250020e+00 1.427607e-01 5.107259e+00 
9 6 -1.174979e+01 2.927410e-01 1.145705e+01 
9 7 -2.504540e+01 5.714960e-01 2.447391e+01 
9 8 -3.644158e+01 7.561851e-01 3.568540e+01 
9 9 2.227573e+03 5.739299e+01 9.508601e+08 
9 10 -1.527099e+02 2.463813e+00 1.502461e+02 
9 11 -9.693894e+01 1.309010e+00 9.562993e+01 
9 12 -5.016740e+01 5.323725e-01 4.963503e+01 
9 13 -1.183956e+01 8.347632e-02 1.175609e+01 
9 14 -2.807232e+00 1.295862e-02 2.794273e+00 
9 15 -5.281258e+00 2.260249e-02 5.258656e+00 
9 16 -3.847436e+01 1.918855e-01 3.828247e+01 
9 17 -2.801616e+02 1.728487e+00 2.784331e+02 
9 18 -1.426000e+02 1.190556e+00 1.414094e+02 
9 19 7.852746e+01 -1.288193e+00 -7.723927e+01 
9 20 7.212031e-02 -3.876094e-03 -6.824422e-02 
10 1 -1.033388e-02 6.349795e-04 9.698898e-03 
10 2 -7.396932e-02 3.151437e-03 7.081788e-02 
10 3 -3.106273e-01 1.068202e-02 2.999452e-01 
10 4 -1.020713e+00 3.077992e-02 9.899332e-01 
10 5 -2.827399e+00 7.688382e-02 2.750515e+00 
10 6 -6.210619e+00 1.547350e-01 6.055884e+00 
10 7 -1.246359e+01 2.843991e-01 1.217919e+01 
10 8 -2.352394e+01 4.881360e-01 2.303580e+01 
10 9 -4.173596e+01 7.702091e-01 4.096575e+01 
10 10 2.480067e+03 6.603995e+01 9.478765e+08 
10 11 -1.003734e+02 1.355387e+00 9.901804e+01 
10 12 -4.964330e+01 5.268107e-01 4.911648e+01 
10 13 -1.167871e+01 8.234219e-02 1.159637e+01 
10 14 -2.768142e+00 1.277818e-02 2.755364e+00 
10 15 -5.206231e+00 2.228139e-02 5.183950e+00 
10 16 -3.786791e+01 1.888609e-01 3.767905e+01 
10 17 -2.729169e+02 1.683789e+00 2.712331e+02 
10 18 -9.919065e+01 8.281349e-01 9.836252e+01 
10 19 7.771750e+01 -1.274906e+00 -7.644259e+01 
10 20 7.146871e-02 -3.841074e-03 -6.762764e-02 
11 1 -2.308347e-03 1.418396e-04 2.166507e-03 
11 2 -1.724701e-02 7.348027e-04 1.651220e-02 
11 3 -7.437172e-02 2.557535e-03 7.181418e-02 
11 4 -2.511672e-01 7.574025e-03 2.435932e-01 
11 5 -7.203934e-01 1.958924e-02 7.008042e-01 
11 6 -1.651647e+00 4.115011e-02 1.610497e+00 
11 7 -3.471599e+00 7.921633e-02 3.392383e+00 
11 8 -6.831944e+00 1.417670e-01 6.690177e+00 
11 9 -1.274123e+01 2.351308e-01 1.250610e+01 
11 10 -2.238253e+01 3.611184e-01 2.202141e+01 
11 11 2.290590e+03 6.145359e+01 8.296569e+08 
11 12 -3.702431e+01 3.928990e-01 3.663141e+01 
11 13 -8.516321e+00 6.004538e-02 8.456276e+00 
11 14 -2.017775e+00 9.314367e-03 2.008461e+00 
11 15 -3.793807e+00 1.623656e-02 3.777570e+00 
11 16 -2.755095e+01 1.374065e-01 2.741354e+01 
11 17 -1.968119e+02 1.214252e+00 1.955977e+02 
11 18 -4.869672e+01 4.065651e-01 4.829016e+01 
11 19 5.672874e+01 -9.305988e-01 -5.579814e+01 
11 20 5.216696e-02 -2.803705e-03 -4.936325e-02 
12 1 1.083310e-03 -6.656551e-05 -1.016745e-03 
12 2 7.059519e-03 -3.007683e-04 -6.758751e-03 
12 3 2.773329e-02 -9.537077e-04 -2.677959e-02 
12 4 8.426166e-02 -2.540936e-03 -8.172072e-02 
12 5 2.075393e-01 -5.643497e-03 -2.018958e-01 
12 6 3.781306e-01 -9.420967e-03 -3.687096e-01 
12 7 5.498126e-01 -1.254584e-02 -5.372668e-01 
12 8 5.397538e-01 -1.120022e-02 -5.285536e-01 
12 9 5.227565e-03 -9.647120e-05 -5.131094e-03 
12 10 -1.637607e+00 2.642106e-02 1.611186e+00 
12 11 -3.861235e+00 5.213998e-02 3.809095e+00 
12 12 1.483988e+03 3.957447e+01 5.824590e+08 
12 13 -3.774408e+00 2.661193e-02 3.747796e+00 
12 14 -8.909804e-01 4.112904e-03 8.868674e-01 
12 15 -1.675241e+00 7.169620e-03 1.668071e+00 
12 16 -1.216871e+01 6.068973e-02 1.210802e+01 
12 17 -8.723409e+01 5.382000e-01 8.669589e+01 
12 18 -2.425021e+01 2.024631e-01 2.404775e+01 
12 19 2.509287e+01 -4.116325e-01 -2.468123e+01 
12 20 2.298442e-02 -1.235294e-03 -2.174913e-02 
13 1 4.005389e-04 -2.461167e-05 -3.759273e-04 
13 2 2.710182e-03 -1.154664e-04 -2.594716e-03 
13 3 1.094845e-02 -3.765014e-04 -1.057195e-02 
13 4 3.441393e-02 -1.037763e-03 -3.337617e-02 
13 5 8.939282e-02 -2.430807e-03 -8.696201e-02 
13 6 1.781895e-01 -4.439518e-03 -1.737500e-01 
13 7 3.065580e-01 -6.995162e-03 -2.995628e-01 
13 8 4.489783e-01 -9.316574e-03 -4.396617e-01 
13 9 5.489981e-01 -1.013139e-02 -5.388667e-01 
13 10 5.390180e-01 -8.696485e-03 -5.303215e-01 
13 11 2.923341e-01 -3.947517e-03 -2.883866e-01 
13 12 1.014971e-01 -1.077079e-03 -1.004200e-01 
13 13 4.160314e+02 1.105634e+01 2.405908e+08 
13 14 -1.736185e-01 8.014499e-04 1.728170e-01 
13 15 -3.261349e-01 1.395777e-03 3.247391e-01 
13 16 -2.358493e+00 1.176266e-02 2.346731e+00 
13 17 -1.654831e+01 1.020966e-01 1.644622e+01 
13 18 -3.746057e-02 3.127553e-04 3.714782e-02 
13 19 4.884346e+00 -8.012459e-02 -4.804221e+00 
13 20 4.467766e-03 -2.401194e-04 -4.227647e-03 
14 1 5.262014e-05 -3.233317e-06 -4.938682e-05 
14 2 3.342169e-04 -1.423919e-05 -3.199777e-04 
14 3 1.292660e-03 -4.445269e-05 -1.248207e-03 
14 4 3.868012e-03 -1.166411e-04 -3.751371e-03 
14 5 9.338191e-03 -2.539280e-04 -9.084263e-03 
14 6 1.652838e-02 -4.117978e-04 -1.611659e-02 
14 7 2.297643e-02 -5.242852e-04 -2.245214e-02 
14 8 2.082294e-02 -4.320888e-04 -2.039086e-02 
14 9 -2.203495e-03 4.066402e-05 2.162831e-03 
14 10 -6.537156e-02 1.054701e-03 6.431686e-02 
14 11 -1.719041e-01 2.321298e-03 1.695828e-01 
14 12 -2.090401e-01 2.218317e-03 2.068218e-01 
14 13 -4.727360e-02 3.333084e-04 4.694029e-02 
14 14 1.126593e+02 2.994349e+00 5.372398e+07 
14 15 -1.226356e-01 5.248503e-04 1.221108e-01 
14 16 -7.934669e-01 3.957306e-03 7.895096e-01 
14 17 -4.587292e+00 2.830178e-02 4.558990e+00 
14 18 1.071616e+01 -8.946838e-02 -1.062669e+01 
14 19 1.638815e+00 -2.688372e-02 -1.611932e+00 
14 20 1.541108e-03 -8.282659e-05 -1.458281e-03 
15 1 -4.382175e-04 2.692688e-05 4.112906e-04 
15 2 -3.003460e-03 1.279613e-04 2.875498e-03 
15 3 -1.224337e-02 4.210317e-04 1.182234e-02 
15 4 -3.889820e-02 1.172987e-03 3.772521e-02 
15 5 -1.026847e-01 2.792246e-03 9.989246e-02 
15 6 -2.099597e-01 5.231058e-03 2.047286e-01 
15 7 -3.765704e-01 8.592734e-03 3.679777e-01 
15 8 -5.932230e-01 1.230974e-02 5.809133e-01 
15 9 -8.307819e-01 1.533152e-02 8.154504e-01 
15 10 -1.086890e+00 1.753582e-02 1.069354e+00 
15 11 -1.206651e+00 1.629394e-02 1.190357e+00 
15 12 -9.009403e-01 9.560707e-03 8.913796e-01 
15 13 -2.527317e-01 1.781916e-03 2.509498e-01 
15 14 -6.256738e-02 2.888208e-04 6.227855e-02 
15 15 2.181217e+02 5.802832e+00 3.755988e+07 
15 16 -2.172508e+00 1.083508e-02 2.161673e+00 
15 17 -1.699316e+01 1.048411e-01 1.688832e+01 
15 18 -2.538763e+01 2.119593e-01 2.517567e+01 
15 19 4.354341e+00 -7.143019e-02 -4.282911e+00 
15 20 3.920333e-03 -2.106977e-04 -3.709635e-03 
16 1 -2.497510e-03 1.534630e-04 2.344047e-03 
16 2 -1.709517e-02 7.283336e-04 1.636683e-02 
16 3 -6.962830e-02 2.394416e-03 6.723388e-02 
16 4 -2.210218e-01 6.664982e-03 2.143569e-01 
16 5 -5.827971e-01 1.584766e-02 5.669495e-01 
16 6 -1.189861e+00 2.964488e-02 1.160216e+00 
16 7 -2.130104e+00 4.860555e-02 2.081498e+00 
16 8 -3.349168e+00 6.949727e-02 3.279670e+00 
16 9 -4.683682e+00 8.643421e-02 4.597248e+00 
16 10 -6.121307e+00 9.876082e-02 6.022546e+00 
16 11 -6.777840e+00 9.152419e-02 6.686316e+00 
16 12 -5.024113e+00 5.331548e-02 4.970797e+00 
16 13 -1.396852e+00 9.848676e-03 1.387003e+00 
16 14 -3.442514e-01 1.589118e-03 3.426623e-01 
16 15 -6.609728e-01 2.828801e-03 6.581440e-01 
16 16 1.565211e+03 4.196051e+01 1.140477e+08 
16 17 -1.258197e+02 7.762581e-01 1.250435e+02 
16 18 -1.774462e+02 1.481485e+00 1.759648e+02 
16 19 3.017948e+01 -4.950751e-01 -2.968440e+01 
16 20 2.714664e-02 -1.458992e-03 -2.568765e-02 
17 1 -1.190491e-02 7.315135e-04 1.117339e-02 
17 2 -7.966722e-02 3.394194e-03 7.627303e-02 
17 3 -3.199083e-01 1.100118e-02 3.089071e-01 
17 4 -1.000810e+00 3.017975e-02 9.706307e-01 
17 5 -2.588674e+00 7.039230e-02 2.518281e+00 
17 6 -5.147427e+00 1.282460e-01 5.019181e+00 
17 7 -8.890627e+00 2.028699e-01 8.687757e+00 
17 8 -1.334559e+01 2.769290e-01 1.306866e+01 
17 9 -1.767455e+01 3.261720e-01 1.734838e+01 
17 10 -2.172269e+01 3.504726e-01 2.137222e+01 
17 11 -2.248985e+01 3.036904e-01 2.218616e+01 
17 12 -1.562654e+01 1.658276e-01 1.546071e+01 
17 13 -4.175073e+00 2.943687e-02 4.145636e+00 
17 14 -1.016914e+00 4.694233e-03 1.012220e+00 
17 15 -1.942162e+00 8.311976e-03 1.933850e+00 
17 16 -1.512668e+01 7.544222e-02 1.505124e+01 
17 17 1.374506e+04 3.900753e+02 5.006580e+08 
17 18 -2.384768e+03 1.991024e+01 2.364857e+03 
17 19 1.890729e+02 -3.101621e+00 -1.859713e+02 
17 20 1.655533e-01 -8.897633e-03 -1.566556e-01 
18 1 -6.805351e-02 4.181643e-03 6.387187e-02 
18 2 -4.411931e-01 1.879688e-02 4.223962e-01 
18 3 -1.734747e+00 5.965542e-02 1.675091e+00 
18 4 -5.304965e+00 1.599729e-01 5.144992e+00 
18 5 -1.328988e+01 3.613840e-01 1.292850e+01 
18 6 -2.519871e+01 6.278155e-01 2.457090e+01 
18 7 -4.049980e+01 9.241405e-01 3.957566e+01 
18 8 -5.461524e+01 1.133300e+00 5.348194e+01 
18 9 -6.244028e+01 1.152293e+00 6.128799e+01 
18 10 -6.356997e+01 1.025634e+00 6.254433e+01 
18 11 -5.322896e+01 7.187743e-01 5.251018e+01 
18 12 -3.085434e+01 3.274238e-01 3.052691e+01 
18 13 -7.549001e+00 5.322517e-02 7.495776e+00 
18 14 -1.800270e+00 8.310330e-03 1.791960e+00 
18 15 -3.400508e+00 1.455334e-02 3.385955e+00 
18 16 -2.531398e+01 1.262499e-01 2.518773e+01 
18 17 -2.217124e+02 1.367878e+00 2.203446e+02 
18 18 1.482049e+05 5.897271e+03 3.549911e+09 
18 19 1.879817e+02 -3.083721e+00 -1.848980e+02 
18 20 2.248372e-01 -1.208384e-02 -2.127534e-01 
19 1 4.232647e-03 -2.600809e-04 -3.972566e-03 
19 2 2.278152e-02 -9.705987e-04 -2.181092e-02 
19 3 7.103253e-02 -2.442705e-03 -6.858982e-02 
19 4 1.592246e-01 -4.801468e-03 -1.544232e-01 
19 5 2.225198e-01 -6.050852e-03 -2.164690e-01 
19 6 -2.738461e-03 6.822761e-05 2.670233e-03 
19 7 -8.888943e-01 2.028314e-02 8.686111e-01 
19 8 -2.723680e+00 5.651803e-02 2.667162e+00 
19 9 -5.190090e+00 9.577962e-02 5.094310e+00 
19 10 -7.628950e+00 1.230850e-01 7.505865e+00 
19 11 -8.359814e+00 1.128863e-01 8.246928e+00 
19 12 -5.750523e+00 6.102409e-02 5.689499e+00 
19 13 -1.511470e+00 1.065681e-02 1.500814e+00 
19 14 -3.668426e-01 1.693403e-03 3.651492e-01 
19 15 -6.981587e-01 2.987948e-03 6.951708e-01 
19 16 -5.339604e+00 2.663053e-02 5.312974e+00 
19 17 -5.392153e+01 3.326746e-01 5.358885e+01 
19 18 -1.296269e+02 1.082245e+00 1.285447e+02 
19 19 7.812073e+06 6.184361e+05 7.712561e+10 
19 20 -1.077714e+03 5.792154e+01 1.019792e+03 
20 1 1.374667e-02 -8.446833e-04 -1.290199e-02 
20 2 9.542147e-02 -4.065398e-03 -9.135607e-02 
20 3 3.903335e-01 -1.342300e-02 -3.769105e-01 
20 4 1.230386e+00 -3.710267e-02 -1.193283e+00 
20 5 3.173344e+00 -8.629091e-02 -3.087053e+00 
20 6 6.203911e+00 -1.545679e-01 -6.049343e+00 
20 7 1.033285e+01 -2.357792e-01 -1.009707e+01 
20 8 1.457820e+01 -3.025065e-01 -1.427569e+01 
20 9 1.763382e+01 -3.254203e-01 -1.730840e+01 
20 10 1.916893e+01 -3.092704e-01 -1.885966e+01 
20 11 1.717847e+01 -2.319685e-01 -1.694650e+01 
20 12 1.052012e+01 -1.116387e-01 -1.040848e+01 
20 13 2.644854e+00 -1.864787e-02 -2.626206e+00 
20 14 6.357166e-01 -2.934567e-03 -6.327820e-01 
20 15 1.204295e+00 -5.154088e-03 -1.199141e+00 
20 16 9.035629e+00 -4.506394e-02 -8.990565e+00 
20 17 8.088115e+01 -4.990048e-01 -8.038214e+01 
20 18 5.145563e+02 -4.295990e+00 -5.102603e+02 
20 19 2.338328e+03 -3.835877e+01 -2.299969e+03 
20 20 2.320971e+09 6.050761e+08 3.656811e+12 
