4.3560381996e+04   
-3.9688565318e+04   
-4.6400302658e+05   
-4.5303433492e+02   
4.5303433492e+02   
0.0000000000e+00   
-8.8606263957e+02   
8.8606263957e+02   
0.0000000000e+00   
-9.6833556583e+02   
9.6833556583e+02   
0.0000000000e+00   
-1.6216190891e+02   
1.6216190891e+02   
0.0000000000e+00   
3.2156331693e+02   
-3.2156331693e+02   
0.0000000000e+00   
3.1153073786e+02   
-3.1153073786e+02   
0.0000000000e+00   
2.1252485969e+02   
-2.1252485969e+02   
0.0000000000e+00   
1.2943308416e+02   
-1.2943308416e+02   
0.0000000000e+00   
7.6441063119e+01   
-7.6441063119e+01   
0.0000000000e+00   
3.9419617854e+01   
-3.9419617854e+01   
0.0000000000e+00   
1.4416734408e+01   
-1.4416734408e+01   
0.0000000000e+00   
1.9407107666e+00   
-1.9407107666e+00   
0.0000000000e+00   
2.6661550608e-01   
-2.6661550608e-01   
0.0000000000e+00   
4.4769095696e-01   
-4.4769095696e-01   
0.0000000000e+00   
3.9214980352e+00   
-3.9214980352e+00   
0.0000000000e+00   
4.4031698090e+01   
-4.4031698090e+01   
0.0000000000e+00   
3.8395064215e+02   
-3.8395064215e+02   
0.0000000000e+00   
3.3608788731e+02   
-3.3608788731e+02   
0.0000000000e+00   
3.0014797907e-02   
-3.0014797907e-02   
0.0000000000e+00   
-6.0429862687e+01   
6.0429862687e+01   
0.0000000000e+00   
2.0301869049e+05   
-1.8814533780e+05   
1.5085168146e+06   
-1.3677917549e+04   
1.3677917549e+04   
0.0000000000e+00   
-1.2274346808e+04   
1.2274346808e+04   
0.0000000000e+00   
-7.0541853222e+02   
7.0541853222e+02   
0.0000000000e+00   
5.6516521978e+03   
-5.6516521978e+03   
0.0000000000e+00   
4.8973708284e+03   
-4.8973708284e+03   
0.0000000000e+00   
3.1759132824e+03   
-3.1759132824e+03   
0.0000000000e+00   
1.8791610291e+03   
-1.8791610291e+03   
0.0000000000e+00   
1.0914836814e+03   
-1.0914836814e+03   
0.0000000000e+00   
5.5869050810e+02   
-5.5869050810e+02   
0.0000000000e+00   
2.0449216276e+02   
-2.0449216276e+02   
0.0000000000e+00   
2.7800016900e+01   
-2.7800016900e+01   
0.0000000000e+00   
3.8609547097e+00   
-3.8609547097e+00   
0.0000000000e+00   
6.4974759523e+00   
-6.4974759523e+00   
0.0000000000e+00   
5.6679726437e+01   
-5.6679726437e+01   
0.0000000000e+00   
6.2684326194e+02   
-6.2684326194e+02   
0.0000000000e+00   
5.1196838443e+03   
-5.1196838443e+03   
0.0000000000e+00   
3.1151508472e+03   
-3.1151508472e+03   
0.0000000000e+00   
3.7148721778e-01   
-3.7148721778e-01   
0.0000000000e+00   
-5.1233520721e+02   
5.1233520721e+02   
0.0000000000e+00   
-5.9602019777e+01   
5.9602019777e+01   
0.0000000000e+00   
6.3011839316e+05   
-5.8897210969e+05   
1.7091627232e+07   
-4.9708932588e+04   
4.9708932588e+04   
0.0000000000e+00   
5.2341131886e+03   
-5.2341131886e+03   
0.0000000000e+00   
2.0963352343e+04   
-2.0963352343e+04   
0.0000000000e+00   
1.7188563943e+04   
-1.7188563943e+04   
0.0000000000e+00   
1.0814432027e+04   
-1.0814432027e+04   
0.0000000000e+00   
6.2835376995e+03   
-6.2835376995e+03   
0.0000000000e+00   
3.6103617592e+03   
-3.6103617592e+03   
0.0000000000e+00   
1.8386384902e+03   
-1.8386384902e+03   
0.0000000000e+00   
6.7312033776e+02   
-6.7312033776e+02   
0.0000000000e+00   
9.2061031287e+01   
-9.2061031287e+01   
0.0000000000e+00   
1.2873032744e+01   
-1.2873032744e+01   
0.0000000000e+00   
2.1693738697e+01   
-2.1693738697e+01   
0.0000000000e+00   
1.8874828483e+02   
-1.8874828483e+02   
0.0000000000e+00   
2.0672400380e+03   
-2.0672400380e+03   
0.0000000000e+00   
1.6179521115e+04   
-1.6179521115e+04   
0.0000000000e+00   
7.7610854363e+03   
-7.7610854363e+03   
0.0000000000e+00   
1.1622981770e+00   
-1.1622981770e+00   
0.0000000000e+00   
-2.2141875938e+03   
2.2141875938e+03   
0.0000000000e+00   
-7.0765204431e+03   
7.0765204431e+03   
0.0000000000e+00   
-8.4855951739e+03   
8.4855951739e+03   
0.0000000000e+00   
1.6014339197e+06   
-1.5225318567e+06   
8.1234612044e+07   
-3.1093854154e+04   
3.1093854154e+04   
0.0000000000e+00   
8.8144383678e+04   
-8.8144383678e+04   
0.0000000000e+00   
5.8089342571e+04   
-5.8089342571e+04   
0.0000000000e+00   
3.5820284667e+04   
-3.5820284667e+04   
0.0000000000e+00   
2.0445079738e+04   
-2.0445079738e+04   
0.0000000000e+00   
1.1619758298e+04   
-1.1619758298e+04   
0.0000000000e+00   
5.8859840603e+03   
-5.8859840603e+03   
0.0000000000e+00   
2.1544269644e+03   
-2.1544269644e+03   
0.0000000000e+00   
2.9627545973e+02   
-2.9627545973e+02   
0.0000000000e+00   
4.1696098825e+01   
-4.1696098825e+01   
0.0000000000e+00   
7.0360157075e+01   
-7.0360157075e+01   
0.0000000000e+00   
6.1062933647e+02   
-6.1062933647e+02   
0.0000000000e+00   
6.6243240905e+03   
-6.6243240905e+03   
0.0000000000e+00   
4.9757843739e+04   
-4.9757843739e+04   
0.0000000000e+00   
1.9591196931e+04   
-1.9591196931e+04   
0.0000000000e+00   
3.5753808445e+00   
-3.5753808445e+00   
0.0000000000e+00   
-4.4190486642e+03   
4.4190486642e+03   
0.0000000000e+00   
-1.7138593095e+04   
1.7138593095e+04   
0.0000000000e+00   
-4.4567147343e+04   
4.4567147343e+04   
0.0000000000e+00   
-6.2037175098e+04   
6.2037175098e+04   
0.0000000000e+00   
3.7010932591e+06   
-3.6376853063e+06   
2.3538928342e+08   
1.6700227144e+05   
-1.6700227144e+05   
0.0000000000e+00   
2.0697951870e+05   
-2.0697951870e+05   
0.0000000000e+00   
1.0490422286e+05   
-1.0490422286e+05   
0.0000000000e+00   
5.8897819364e+04   
-5.8897819364e+04   
0.0000000000e+00   
3.2951531828e+04   
-3.2951531828e+04   
0.0000000000e+00   
1.6559619970e+04   
-1.6559619970e+04   
0.0000000000e+00   
6.0558796103e+03   
-6.0558796103e+03   
0.0000000000e+00   
8.3847668056e+02   
-8.3847668056e+02   
0.0000000000e+00   
1.1899186055e+02   
-1.1899186055e+02   
0.0000000000e+00   
2.0114398967e+02   
-2.0114398967e+02   
0.0000000000e+00   
1.7397694790e+03   
-1.7397694790e+03   
0.0000000000e+00   
1.8630285527e+04   
-1.8630285527e+04   
0.0000000000e+00   
1.3249355610e+05   
-1.3249355610e+05   
0.0000000000e+00   
4.2576153377e+04   
-4.2576153377e+04   
0.0000000000e+00   
9.4327798005e+00   
-9.4327798005e+00   
0.0000000000e+00   
-4.7045208828e+03   
4.7045208828e+03   
0.0000000000e+00   
-1.8726499168e+04   
1.8726499168e+04   
0.0000000000e+00   
-5.2202200908e+04   
5.2202200908e+04   
0.0000000000e+00   
-1.2260005807e+05   
1.2260005807e+05   
0.0000000000e+00   
-1.8796627904e+05   
1.8796627904e+05   
0.0000000000e+00   
6.8206184673e+06   
-6.9114189881e+06   
4.4859721803e+08   
4.2947300004e+05   
-4.2947300004e+05   
0.0000000000e+00   
3.0161822316e+05   
-3.0161822316e+05   
0.0000000000e+00   
1.4373746665e+05   
-1.4373746665e+05   
0.0000000000e+00   
7.8667862731e+04   
-7.8667862731e+04   
0.0000000000e+00   
3.9009507349e+04   
-3.9009507349e+04   
0.0000000000e+00   
1.4233453188e+04   
-1.4233453188e+04   
0.0000000000e+00   
1.9892680077e+03   
-1.9892680077e+03   
0.0000000000e+00   
2.8570820424e+02   
-2.8570820424e+02   
0.0000000000e+00   
4.8417660702e+02   
-4.8417660702e+02   
0.0000000000e+00   
4.1670208557e+03   
-4.1670208557e+03   
0.0000000000e+00   
4.3757658467e+04   
-4.3757658467e+04   
0.0000000000e+00   
2.8643672580e+05   
-2.8643672580e+05   
0.0000000000e+00   
7.2997833819e+04   
-7.2997833819e+04   
0.0000000000e+00   
1.9765421088e+01   
-1.9765421088e+01   
0.0000000000e+00   
-3.8649833030e+03   
3.8649833030e+03   
0.0000000000e+00   
-1.4957714430e+04   
1.4957714430e+04   
0.0000000000e+00   
-4.0726127894e+04   
4.0726127894e+04   
0.0000000000e+00   
-9.3260290634e+04   
9.3260290634e+04   
0.0000000000e+00   
-2.0904610748e+05   
2.0904610748e+05   
0.0000000000e+00   
-3.4863346176e+05   
3.4863346176e+05   
0.0000000000e+00   
1.0645910983e+07   
-1.1039421365e+07   
6.8357523879e+08   
6.0788873176e+05   
-6.0788873176e+05   
0.0000000000e+00   
3.3740927067e+05   
-3.3740927067e+05   
0.0000000000e+00   
1.6272330361e+05   
-1.6272330361e+05   
0.0000000000e+00   
7.8764852329e+04   
-7.8764852329e+04   
0.0000000000e+00   
2.8570070626e+04   
-2.8570070626e+04   
0.0000000000e+00   
4.0409495763e+03   
-4.0409495763e+03   
0.0000000000e+00   
5.8997724800e+02   
-5.8997724800e+02   
0.0000000000e+00   
1.0032379904e+03   
-1.0032379904e+03   
0.0000000000e+00   
8.5719806990e+03   
-8.5719806990e+03   
0.0000000000e+00   
8.7428099826e+04   
-8.7428099826e+04   
0.0000000000e+00   
5.0644393382e+05   
-5.0644393382e+05   
0.0000000000e+00   
1.0834276046e+05   
-1.0834276046e+05   
0.0000000000e+00   
3.4658891403e+01   
-3.4658891403e+01   
0.0000000000e+00   
-2.5065558352e+03   
2.5065558352e+03   
0.0000000000e+00   
-9.3531892699e+03   
9.3531892699e+03   
0.0000000000e+00   
-2.4618914448e+04   
2.4618914448e+04   
0.0000000000e+00   
-5.3499497189e+04   
5.3499497189e+04   
0.0000000000e+00   
-1.0342515644e+05   
1.0342515644e+05   
0.0000000000e+00   
-2.1514891872e+05   
2.1514891872e+05   
0.0000000000e+00   
-4.7101326872e+05   
4.7101326872e+05   
0.0000000000e+00   
1.2561214877e+07   
-1.3255606522e+07   
8.6631376518e+08   
8.0265062848e+05   
-8.0265062848e+05   
0.0000000000e+00   
3.0012164997e+05   
-3.0012164997e+05   
0.0000000000e+00   
1.3953294550e+05   
-1.3953294550e+05   
0.0000000000e+00   
5.0506206356e+04   
-5.0506206356e+04   
0.0000000000e+00   
7.2300816631e+03   
-7.2300816631e+03   
0.0000000000e+00   
1.0711594497e+03   
-1.0711594497e+03   
0.0000000000e+00   
1.8269991245e+03   
-1.8269991245e+03   
0.0000000000e+00   
1.5522279789e+04   
-1.5522279789e+04   
0.0000000000e+00   
1.5450626188e+05   
-1.5450626188e+05   
0.0000000000e+00   
7.7736594954e+05   
-7.7736594954e+05   
0.0000000000e+00   
1.2079391880e+05   
-1.2079391880e+05   
0.0000000000e+00   
4.9601523765e+01   
-4.9601523765e+01   
0.0000000000e+00   
-1.7255642034e+03   
1.7255642034e+03   
0.0000000000e+00   
-6.3522300509e+03   
6.3522300509e+03   
0.0000000000e+00   
-1.6511469069e+04   
1.6511469069e+04   
0.0000000000e+00   
-3.5263718385e+04   
3.5263718385e+04   
0.0000000000e+00   
-6.5944005930e+04   
6.5944005930e+04   
0.0000000000e+00   
-1.0705618578e+05   
1.0705618578e+05   
0.0000000000e+00   
-2.2906744994e+05   
2.2906744994e+05   
0.0000000000e+00   
-2.6156986814e+05   
2.6156986814e+05   
0.0000000000e+00   
1.1180789358e+07   
-1.1956915201e+07   
9.5086235312e+08   
5.8785444918e+05   
-5.8785444918e+05   
0.0000000000e+00   
2.4156925153e+05   
-2.4156925153e+05   
0.0000000000e+00   
7.6948128698e+04   
-7.6948128698e+04   
0.0000000000e+00   
1.1210692009e+04   
-1.1210692009e+04   
0.0000000000e+00   
1.7101112476e+03   
-1.7101112476e+03   
0.0000000000e+00   
2.9337576258e+03   
-2.9337576258e+03   
0.0000000000e+00   
2.4505359779e+04   
-2.4505359779e+04   
0.0000000000e+00   
2.2681715240e+05   
-2.2681715240e+05   
0.0000000000e+00   
8.9918045720e+05   
-8.9918045720e+05   
0.0000000000e+00   
1.0427441210e+05   
-1.0427441210e+05   
0.0000000000e+00   
5.9175170865e+01   
-5.9175170865e+01   
0.0000000000e+00   
-1.1012248835e+03   
1.1012248835e+03   
0.0000000000e+00   
-4.0177167195e+03   
4.0177167195e+03   
0.0000000000e+00   
-1.0355166406e+04   
1.0355166406e+04   
0.0000000000e+00   
-2.1861785226e+04   
2.1861785226e+04   
0.0000000000e+00   
-4.0104881247e+04   
4.0104881247e+04   
0.0000000000e+00   
-6.4110782916e+04   
6.4110782916e+04   
0.0000000000e+00   
-1.0134727263e+05   
1.0134727263e+05   
0.0000000000e+00   
-1.6798423763e+05   
1.6798423763e+05   
0.0000000000e+00   
-2.8949177870e+05   
2.8949177870e+05   
0.0000000000e+00   
8.2963387170e+06   
-8.9538760790e+06   
9.4787902137e+08   
3.3972259724e+05   
-3.3972259724e+05   
0.0000000000e+00   
1.1547149539e+05   
-1.1547149539e+05   
0.0000000000e+00   
1.6279847416e+04   
-1.6279847416e+04   
0.0000000000e+00   
2.5694752774e+03   
-2.5694752774e+03   
0.0000000000e+00   
4.4254168391e+03   
-4.4254168391e+03   
0.0000000000e+00   
3.5626612617e+04   
-3.5626612617e+04   
0.0000000000e+00   
2.9298202692e+05   
-2.9298202692e+05   
0.0000000000e+00   
8.9734792256e+05   
-8.9734792256e+05   
0.0000000000e+00   
7.4872448571e+04   
-7.4872448571e+04   
0.0000000000e+00   
6.0720129884e+01   
-6.0720129884e+01   
0.0000000000e+00   
-6.4070925304e+02   
6.4070925304e+02   
0.0000000000e+00   
-2.3387018930e+03   
2.3387018930e+03   
0.0000000000e+00   
-6.0228376828e+03   
6.0228376828e+03   
0.0000000000e+00   
-1.2684581382e+04   
1.2684581382e+04   
0.0000000000e+00   
-2.3136191365e+04   
2.3136191365e+04   
0.0000000000e+00   
-3.6545478799e+04   
3.6545478799e+04   
0.0000000000e+00   
-5.6399957386e+04   
5.6399957386e+04   
0.0000000000e+00   
-8.3096396206e+04   
8.3096396206e+04   
0.0000000000e+00   
-1.2221554636e+05   
1.2221554636e+05   
0.0000000000e+00   
-1.9839320272e+05   
1.9839320272e+05   
0.0000000000e+00   
4.0746027206e+06   
-4.4468455248e+06   
8.2965928402e+08   
1.2271406603e+05   
-1.2271406603e+05   
0.0000000000e+00   
1.9528583409e+04   
-1.9528583409e+04   
0.0000000000e+00   
3.2030894759e+03   
-3.2030894759e+03   
0.0000000000e+00   
5.5603205528e+03   
-5.5603205528e+03   
0.0000000000e+00   
4.3481623437e+04   
-4.3481623437e+04   
0.0000000000e+00   
2.9973108519e+05   
-2.9973108519e+05   
0.0000000000e+00   
6.8782812865e+05   
-6.8782812865e+05   
0.0000000000e+00   
4.0503565863e+04   
-4.0503565863e+04   
0.0000000000e+00   
5.0248182718e+01   
-5.0248182718e+01   
0.0000000000e+00   
-2.6820029456e+02   
2.6820029456e+02   
0.0000000000e+00   
-9.8565459744e+02   
9.8565459744e+02   
0.0000000000e+00   
-2.5493137697e+03   
2.5493137697e+03   
0.0000000000e+00   
-5.3889302304e+03   
5.3889302304e+03   
0.0000000000e+00   
-9.8675886305e+03   
9.8675886305e+03   
0.0000000000e+00   
-1.5646708576e+04   
1.5646708576e+04   
0.0000000000e+00   
-2.4220669697e+04   
2.4220669697e+04   
0.0000000000e+00   
-3.5685433671e+04   
3.5685433671e+04   
0.0000000000e+00   
-4.8669224075e+04   
4.8669224075e+04   
0.0000000000e+00   
-7.0493772985e+04   
7.0493772985e+04   
0.0000000000e+00   
-9.4424595638e+04   
9.4424595638e+04   
0.0000000000e+00   
8.7479991389e+05   
-9.8125081348e+05   
5.8246053676e+08   
1.1114349198e+04   
-1.1114349198e+04   
0.0000000000e+00   
1.9230270758e+03   
-1.9230270758e+03   
0.0000000000e+00   
3.5132422560e+03   
-3.5132422560e+03   
0.0000000000e+00   
3.2070744116e+04   
-3.2070744116e+04   
0.0000000000e+00   
1.9760494317e+05   
-1.9760494317e+05   
0.0000000000e+00   
3.3845559905e+05   
-3.3845559905e+05   
0.0000000000e+00   
1.3490547111e+04   
-1.3490547111e+04   
0.0000000000e+00   
2.8252663291e+01   
-2.8252663291e+01   
0.0000000000e+00   
-4.2715587886e+01   
4.2715587886e+01   
0.0000000000e+00   
-1.5906044029e+02   
1.5906044029e+02   
0.0000000000e+00   
-4.1522150925e+02   
4.1522150925e+02   
0.0000000000e+00   
-8.8598645093e+02   
8.8598645093e+02   
0.0000000000e+00   
-1.6426189647e+03   
1.6426189647e+03   
0.0000000000e+00   
-2.6493166799e+03   
2.6493166799e+03   
0.0000000000e+00   
-4.1967449221e+03   
4.1967449221e+03   
0.0000000000e+00   
-6.3658920910e+03   
6.3658920910e+03   
0.0000000000e+00   
-9.0054622066e+03   
9.0054622066e+03   
0.0000000000e+00   
-1.2448017115e+04   
1.2448017115e+04   
0.0000000000e+00   
-1.7641939414e+04   
1.7641939414e+04   
0.0000000000e+00   
-1.3080108884e+04   
1.3080108884e+04   
0.0000000000e+00   
-1.4514264437e+04   
9.0617515796e+03   
2.4059127314e+08   
2.2012913244e+02   
-2.2012913244e+02   
0.0000000000e+00   
5.1912783021e+02   
-5.1912783021e+02   
0.0000000000e+00   
8.0791286919e+03   
-8.0791286919e+03   
0.0000000000e+00   
4.8065287170e+04   
-4.8065287170e+04   
0.0000000000e+00   
5.9512519275e+04   
-5.9512519275e+04   
0.0000000000e+00   
1.3530134257e+03   
-1.3530134257e+03   
0.0000000000e+00   
6.3896082305e+00   
-6.3896082305e+00   
0.0000000000e+00   
-6.7504917140e+00   
6.7504917140e+00   
0.0000000000e+00   
-2.5446608214e+01   
2.5446608214e+01   
0.0000000000e+00   
-6.7025609894e+01   
6.7025609894e+01   
0.0000000000e+00   
-1.4439459830e+02   
1.4439459830e+02   
0.0000000000e+00   
-2.7132401628e+02   
2.7132401628e+02   
0.0000000000e+00   
-4.4606662123e+02   
4.4606662123e+02   
0.0000000000e+00   
-7.2572774677e+02   
7.2572774677e+02   
0.0000000000e+00   
-1.1395638664e+03   
1.1395638664e+03   
0.0000000000e+00   
-1.6793625295e+03   
1.6793625295e+03   
0.0000000000e+00   
-2.4664028473e+03   
2.4664028473e+03   
0.0000000000e+00   
-3.2703194551e+03   
3.2703194551e+03   
0.0000000000e+00   
-3.1525680437e+03   
3.1525680437e+03   
0.0000000000e+00   
-4.2373861012e+02   
4.2373861012e+02   
0.0000000000e+00   
-6.3345878883e+03   
6.6182387884e+03   
5.3724093751e+07   
2.5451759839e+01   
-2.5451759839e+01   
0.0000000000e+00   
1.9754442606e+03   
-1.9754442606e+03   
0.0000000000e+00   
1.0928283172e+04   
-1.0928283172e+04   
0.0000000000e+00   
9.9596097324e+03   
-9.9596097324e+03   
0.0000000000e+00   
1.3056760765e+02   
-1.3056760765e+02   
0.0000000000e+00   
1.4213646364e+00   
-1.4213646364e+00   
0.0000000000e+00   
-1.1533614082e+01   
1.1533614082e+01   
0.0000000000e+00   
-4.3770637168e+01   
4.3770637168e+01   
0.0000000000e+00   
-1.1594036700e+02   
1.1594036700e+02   
0.0000000000e+00   
-2.5151693246e+02   
2.5151693246e+02   
0.0000000000e+00   
-4.7784819310e+02   
4.7784819310e+02   
0.0000000000e+00   
-7.9925365469e+02   
7.9925365469e+02   
0.0000000000e+00   
-1.3339159236e+03   
1.3339159236e+03   
0.0000000000e+00   
-2.1680443268e+03   
2.1680443268e+03   
0.0000000000e+00   
-3.3369056694e+03   
3.3369056694e+03   
0.0000000000e+00   
-5.2043716153e+03   
5.2043716153e+03   
0.0000000000e+00   
-7.6141581041e+03   
7.6141581041e+03   
0.0000000000e+00   
-6.8343521190e+03   
6.8343521190e+03   
0.0000000000e+00   
-1.1732125215e+03   
1.1732125215e+03   
0.0000000000e+00   
-1.3078377251e+02   
1.3078377251e+02   
0.0000000000e+00   
6.9644371088e+02   
8.9834439493e+02   
3.7560103208e+07   
2.9112023375e+03   
-2.9112023375e+03   
0.0000000000e+00   
1.4725807649e+04   
-1.4725807649e+04   
0.0000000000e+00   
3.7632959756e+04   
-3.7632959756e+04   
0.0000000000e+00   
2.0693481438e+02   
-2.0693481438e+02   
0.0000000000e+00   
2.6940123716e+00   
-2.6940123716e+00   
0.0000000000e+00   
-1.6687470014e+02   
1.6687470014e+02   
0.0000000000e+00   
-6.2780418522e+02   
6.2780418522e+02   
0.0000000000e+00   
-1.6491313457e+03   
1.6491313457e+03   
0.0000000000e+00   
-3.5364874819e+03   
3.5364874819e+03   
0.0000000000e+00   
-6.5869715703e+03   
6.5869715703e+03   
0.0000000000e+00   
-1.0659753784e+04   
1.0659753784e+04   
0.0000000000e+00   
-1.6896787030e+04   
1.6896787030e+04   
0.0000000000e+00   
-2.5517848402e+04   
2.5517848402e+04   
0.0000000000e+00   
-3.5646378064e+04   
3.5646378064e+04   
0.0000000000e+00   
-4.8261682054e+04   
4.8261682054e+04   
0.0000000000e+00   
-5.7672174173e+04   
5.7672174173e+04   
0.0000000000e+00   
-4.4359693750e+04   
4.4359693750e+04   
0.0000000000e+00   
-8.9703122920e+03   
8.9703122920e+03   
0.0000000000e+00   
-1.4711660571e+03   
1.4711660571e+03   
0.0000000000e+00   
-2.4098160858e+03   
2.4098160858e+03   
0.0000000000e+00   
3.9633194912e+05   
-3.6144604451e+05   
1.1404935202e+08   
1.6126766243e+05   
-1.6126766243e+05   
0.0000000000e+00   
-8.1487144467e+05   
8.1487144467e+05   
0.0000000000e+00   
7.9217316942e+04   
-7.9217316942e+04   
0.0000000000e+00   
2.5351444670e+01   
-2.5351444670e+01   
0.0000000000e+00   
-1.0384210892e+03   
1.0384210892e+03   
0.0000000000e+00   
-3.8012658012e+03   
3.8012658012e+03   
0.0000000000e+00   
-9.7978051124e+03   
9.7978051124e+03   
0.0000000000e+00   
-2.0615102127e+04   
2.0615102127e+04   
0.0000000000e+00   
-3.7438848207e+04   
3.7438848207e+04   
0.0000000000e+00   
-5.8501963559e+04   
5.8501963559e+04   
0.0000000000e+00   
-8.8295969343e+04   
8.8295969343e+04   
0.0000000000e+00   
-1.2487642701e+05   
1.2487642701e+05   
0.0000000000e+00   
-1.6091997534e+05   
1.6091997534e+05   
0.0000000000e+00   
-1.9634684886e+05   
1.9634684886e+05   
0.0000000000e+00   
-2.0207336061e+05   
2.0207336061e+05   
0.0000000000e+00   
-1.3351857521e+05   
1.3351857521e+05   
0.0000000000e+00   
-2.7150849959e+04   
2.7150849959e+04   
0.0000000000e+00   
-4.7983409579e+03   
4.7983409579e+03   
0.0000000000e+00   
-8.5662340252e+03   
8.5662340252e+03   
0.0000000000e+00   
-7.1092227434e+04   
7.1092227434e+04   
0.0000000000e+00   
1.9962157553e+07   
-1.8944193961e+07   
5.0067211306e+08   
4.8966000495e+05   
-4.8966000495e+05   
0.0000000000e+00   
-4.6659826752e+06   
4.6659826752e+06   
0.0000000000e+00   
-2.6407611000e+02   
2.6407611000e+02   
0.0000000000e+00   
-2.9090573539e+03   
2.9090573539e+03   
0.0000000000e+00   
-1.0021896473e+04   
1.0021896473e+04   
0.0000000000e+00   
-2.4781734778e+04   
2.4781734778e+04   
0.0000000000e+00   
-5.0131103700e+04   
5.0131103700e+04   
0.0000000000e+00   
-8.6709861614e+04   
8.6709861614e+04   
0.0000000000e+00   
-1.2716237979e+05   
1.2716237979e+05   
0.0000000000e+00   
-1.7618443305e+05   
1.7618443305e+05   
0.0000000000e+00   
-2.2231070700e+05   
2.2231070700e+05   
0.0000000000e+00   
-2.4880592608e+05   
2.4880592608e+05   
0.0000000000e+00   
-2.5739032635e+05   
2.5739032635e+05   
0.0000000000e+00   
-2.1540892897e+05   
2.1540892897e+05   
0.0000000000e+00   
-1.1238448356e+05   
1.1238448356e+05   
0.0000000000e+00   
-1.9150263053e+04   
1.9150263053e+04   
0.0000000000e+00   
-3.0634757296e+03   
3.0634757296e+03   
0.0000000000e+00   
-5.3665516660e+03   
5.3665516660e+03   
0.0000000000e+00   
-4.8752461012e+04   
4.8752461012e+04   
0.0000000000e+00   
-8.9469378397e+05   
8.9469378397e+05   
0.0000000000e+00   
1.1138144398e+09   
-1.0891641065e+09   
3.5500655134e+09   
-3.1297467302e+07   
3.1297467302e+07   
0.0000000000e+00   
-1.6374938990e+04   
1.6374938990e+04   
0.0000000000e+00   
-1.1229625685e+04   
1.1229625685e+04   
0.0000000000e+00   
-3.2930282722e+04   
3.2930282722e+04   
0.0000000000e+00   
-7.2374194537e+04   
7.2374194537e+04   
0.0000000000e+00   
-1.3093505988e+05   
1.3093505988e+05   
0.0000000000e+00   
-1.9789765009e+05   
1.9789765009e+05   
0.0000000000e+00   
-2.4492951479e+05   
2.4492951479e+05   
0.0000000000e+00   
-2.7179951034e+05   
2.7179951034e+05   
0.0000000000e+00   
-2.5669264107e+05   
2.5669264107e+05   
0.0000000000e+00   
-1.9835707123e+05   
1.9835707123e+05   
0.0000000000e+00   
-1.3345763472e+05   
1.3345763472e+05   
0.0000000000e+00   
-7.0122856460e+04   
7.0122856460e+04   
0.0000000000e+00   
-2.3197336793e+04   
2.3197336793e+04   
0.0000000000e+00   
-2.4322858830e+03   
2.4322858830e+03   
0.0000000000e+00   
-2.5939398344e+02   
2.5939398344e+02   
0.0000000000e+00   
-4.1206898258e+02   
4.1206898258e+02   
0.0000000000e+00   
-3.8339196159e+03   
3.8339196159e+03   
0.0000000000e+00   
-4.9068840340e+04   
4.9068840340e+04   
0.0000000000e+00   
-2.8506324100e+06   
2.8506324100e+06   
0.0000000000e+00   
8.3387891865e+11   
-1.2101566050e+12   
7.7134036652e+10   
7.2082022230e+06   
-7.2082022230e+06   
0.0000000000e+00   
-5.9100404460e+01   
5.9100404460e+01   
0.0000000000e+00   
-1.2207870037e+02   
1.2207870037e+02   
0.0000000000e+00   
-2.4647603705e+02   
2.4647603705e+02   
0.0000000000e+00   
-4.5460275568e+02   
4.5460275568e+02   
0.0000000000e+00   
-7.3848876477e+02   
7.3848876477e+02   
0.0000000000e+00   
-1.0146062747e+03   
1.0146062747e+03   
0.0000000000e+00   
-1.2964716975e+03   
1.2964716975e+03   
0.0000000000e+00   
-1.4880733834e+03   
1.4880733834e+03   
0.0000000000e+00   
-1.5183384115e+03   
1.5183384115e+03   
0.0000000000e+00   
-1.4395724907e+03   
1.4395724907e+03   
0.0000000000e+00   
-1.1477103640e+03   
1.1477103640e+03   
0.0000000000e+00   
-6.3604284196e+02   
6.3604284196e+02   
0.0000000000e+00   
-1.4370839803e+02   
1.4370839803e+02   
0.0000000000e+00   
-3.2005151992e+01   
3.2005151992e+01   
0.0000000000e+00   
-5.9994108280e+01   
5.9994108280e+01   
0.0000000000e+00   
-4.6240850298e+02   
4.6240850298e+02   
0.0000000000e+00   
-4.5809107302e+03   
4.5809107302e+03   
0.0000000000e+00   
-6.3049450417e+04   
6.3049450417e+04   
0.0000000000e+00   
-4.9675130942e+06   
4.9675130942e+06   
0.0000000000e+00   
6.5424398796e+16   
-2.5730131704e+17   
3.6597370418e+12   
