1 1 -2.430981e+00 -1.097453e-02 -4.640006e+05 
1 2 8.003302e-03 -3.409779e-04 -7.690430e-03 
1 3 2.230102e-02 -7.668996e-04 -2.120972e-02 
1 4 4.769094e-02 -1.438135e-03 -4.632568e-02 
1 5 6.906166e-02 -1.877953e-03 -6.604004e-02 
1 6 7.241866e-02 -1.804281e-03 -7.012939e-02 
1 7 6.738889e-02 -1.537706e-03 -6.500244e-02 
1 8 5.682892e-02 -1.179235e-03 -5.670166e-02 
1 9 4.485929e-02 -8.278481e-04 -4.449463e-02 
1 10 3.465436e-02 -5.591102e-04 -3.393555e-02 
1 11 2.406645e-02 -3.249799e-04 -2.447510e-02 
1 12 1.260519e-02 -1.337700e-04 -1.269531e-02 
1 13 2.983285e-03 -2.102782e-05 -3.097534e-03 
1 14 7.074326e-04 -3.266900e-06 -6.923676e-04 
1 15 1.331389e-03 -5.696909e-06 -1.325607e-03 
1 16 9.716166e-03 -4.845895e-05 -9.679794e-03 
1 17 7.183492e-02 -4.431944e-04 -7.116699e-02 
1 18 6.201126e-02 -5.177306e-04 -6.213379e-02 
1 19 -1.904917e-02 3.121197e-04 -3.125000e-02 
1 20 0.000000e+00 0.000000e+00 0.000000e+00 
2 1 -1.021385e-05 6.276019e-07 7.629395e-05 
2 2 -1.493717e+01 -6.987844e-02 1.508532e+06 
2 3 4.712981e-01 -1.620726e-02 -4.552307e-01 
2 4 9.537231e-01 -2.875982e-02 -9.260254e-01 
2 5 1.359130e+00 -3.695805e-02 -1.323364e+00 
2 6 1.398229e+00 -3.483630e-02 -1.362732e+00 
2 7 1.280333e+00 -2.921515e-02 -1.251831e+00 
2 8 1.067081e+00 -2.214258e-02 -1.043884e+00 
2 9 8.359418e-01 -1.542675e-02 -8.211060e-01 
2 10 6.428419e-01 -1.037157e-02 -6.325073e-01 
2 11 4.453912e-01 -6.014320e-03 -4.386597e-01 
2 12 2.330804e-01 -2.473427e-03 -2.312012e-01 
2 13 5.515129e-02 -3.888465e-04 -5.476379e-02 
2 14 1.307970e-02 -6.037556e-05 -1.303768e-02 
2 15 2.461320e-02 -1.053405e-04 -2.450848e-02 
2 16 1.796056e-01 -8.957574e-04 -1.786938e-01 
2 17 1.326243e+00 -8.182396e-03 -1.318253e+00 
2 18 1.085551e+00 -9.063183e-03 -1.076904e+00 
2 19 -3.557019e-01 5.835444e-03 3.867188e-01 
2 20 -4.882812e-04 0.000000e+00 0.000000e+00 
3 1 -3.069639e-03 1.886182e-04 2.456665e-03 
3 2 -2.746920e-02 1.170315e-03 2.655029e-02 
3 3 -4.245405e+01 -2.292509e-01 1.709167e+07 
3 4 2.446996e+00 -7.378994e-02 -2.372803e+00 
3 5 3.280532e+00 -8.920561e-02 -3.191284e+00 
3 6 3.329541e+00 -8.295414e-02 -3.245728e+00 
3 7 3.007222e+00 -6.861998e-02 -2.937988e+00 
3 8 2.480576e+00 -5.147346e-02 -2.428650e+00 
3 9 1.930219e+00 -3.562089e-02 -1.894714e+00 
3 10 1.478373e+00 -2.385199e-02 -1.454407e+00 
3 11 1.022157e+00 -1.380264e-02 -1.007446e+00 
3 12 5.344938e-01 -5.672006e-03 -5.283203e-01 
3 13 1.264530e-01 -8.915767e-04 -1.254578e-01 
3 14 2.998943e-02 -1.384365e-04 -2.984715e-02 
3 15 5.643329e-02 -2.415205e-04 -5.618954e-02 
3 16 4.117541e-01 -2.053563e-03 -4.096851e-01 
3 17 3.037101e+00 -1.873771e-02 -3.018463e+00 
3 18 2.366144e+00 -1.975474e-02 -2.345703e+00 
3 19 -8.225584e-01 1.349357e-02 8.125000e-01 
3 20 -1.220703e-03 0.000000e+00 0.000000e+00 
4 1 -7.467448e-03 4.588477e-04 6.988525e-03 
4 2 -5.697606e-02 2.427445e-03 5.465698e-02 
4 3 -2.795733e-01 9.614121e-03 2.699280e-01 
4 4 -4.205771e+01 -2.649653e-01 8.123465e+07 
4 5 2.303270e+00 -6.263150e-02 -2.240662e+00 
4 6 2.144664e+00 -5.343342e-02 -2.090881e+00 
4 7 1.823550e+00 -4.161050e-02 -1.781860e+00 
4 8 1.418741e+00 -2.943975e-02 -1.389709e+00 
4 9 1.059001e+00 -1.954316e-02 -1.039246e+00 
4 10 7.904024e-01 -1.275231e-02 -7.776489e-01 
4 11 5.390961e-01 -7.279652e-03 -5.321655e-01 
4 12 2.804523e-01 -2.976134e-03 -2.775879e-01 
4 13 6.628722e-02 -4.673700e-04 -6.605530e-02 
4 14 1.572012e-02 -7.256743e-05 -1.563931e-02 
4 15 2.957869e-02 -1.265880e-04 -2.945518e-02 
4 16 2.156555e-01 -1.075551e-03 -2.145939e-01 
4 17 1.578973e+00 -9.741643e-03 -1.569183e+00 
4 18 8.157308e-01 -6.810472e-03 -8.092041e-01 
4 19 -4.555349e-01 7.473201e-03 4.921875e-01 
4 20 -4.882812e-04 0.000000e+00 0.000000e+00 
5 1 -1.355438e-02 8.328677e-04 1.268005e-02 
5 2 -1.020486e-01 4.347746e-03 9.744263e-02 
5 3 -4.524425e-01 1.555884e-02 4.366150e-01 
5 4 -1.464269e+00 4.415548e-02 1.418823e+00 
5 5 1.196191e+02 1.636882e+00 2.353892e+08 
5 6 -1.901990e+01 4.738729e-01 1.854541e+01 
5 7 -1.671385e+01 3.813833e-01 1.633228e+01 
5 8 -1.391567e+01 2.887586e-01 1.362714e+01 
5 9 -1.092253e+01 2.015681e-01 1.072076e+01 
5 10 -8.414432e+00 1.357580e-01 8.278992e+00 
5 11 -5.835834e+00 7.880386e-02 5.756592e+00 
5 12 -3.055119e+00 3.242067e-02 3.022736e+00 
5 13 -7.229417e-01 5.097189e-03 7.179260e-01 
5 14 -1.714525e-01 7.914502e-04 1.706543e-01 
5 15 -3.226417e-01 1.380828e-03 3.212357e-01 
5 16 -2.354477e+00 1.174262e-02 2.342703e+00 
5 17 -1.739598e+01 1.073263e-01 1.728850e+01 
5 18 -1.465357e+01 1.223415e-01 1.453113e+01 
5 19 4.628734e+00 -7.593137e-02 -4.554688e+00 
5 20 4.150391e-03 -2.441406e-04 -5.000000e-01 
6 1 -1.999962e-02 1.228905e-03 1.867676e-02 
6 2 -1.472413e-01 6.273162e-03 1.412659e-01 
6 3 -6.366461e-01 2.189333e-02 6.149902e-01 
6 4 -2.196878e+00 6.624753e-02 2.131226e+00 
6 5 -5.071687e+00 1.379114e-01 4.933899e+00 
6 6 5.109923e+02 8.612543e+00 4.485967e+08 
6 7 -6.866645e+01 1.566858e+00 6.709918e+01 
6 8 -5.467471e+01 1.134534e+00 5.354034e+01 
6 9 -4.220705e+01 7.789028e-01 4.142755e+01 
6 10 -3.221521e+01 5.197584e-01 3.169611e+01 
6 11 -2.224277e+01 3.003541e-01 2.194232e+01 
6 12 -1.162497e+01 1.233632e-01 1.150174e+01 
6 13 -2.749951e+00 1.938887e-02 2.730621e+00 
6 14 -6.521661e-01 3.010505e-03 6.491413e-01 
6 15 -1.227213e+00 5.252174e-03 1.221962e+00 
6 16 -8.953477e+00 4.465422e-02 8.908831e+00 
6 17 -6.600441e+01 4.072212e-01 6.559746e+01 
6 18 -5.087970e+01 4.247906e-01 5.045618e+01 
6 19 1.783841e+01 -2.926278e-01 -1.755859e+01 
6 20 1.611328e-02 -9.155273e-04 -1.000000e+00 
7 1 -2.527283e-02 1.552924e-03 2.339172e-02 
7 2 -1.832325e-01 7.806557e-03 1.753540e-01 
7 3 -7.800434e-01 2.682456e-02 7.529907e-01 
7 4 -2.622882e+00 7.909382e-02 2.542725e+00 
7 5 -7.613677e+00 2.070343e-01 7.407349e+00 
7 6 -1.437033e+01 3.580309e-01 1.401257e+01 
7 7 1.109592e+03 2.321658e+01 6.835741e+08 
7 8 -1.272291e+02 2.640082e+00 1.245881e+02 
7 9 -9.572820e+01 1.766600e+00 9.396051e+01 
7 10 -7.213943e+01 1.163893e+00 7.097510e+01 
7 11 -4.950118e+01 6.684365e-01 4.883264e+01 
7 12 -2.581234e+01 2.739185e-01 2.553802e+01 
7 13 -6.103108e+00 4.303072e-02 6.060150e+00 
7 14 -1.447335e+00 6.681123e-03 1.440645e+00 
7 15 -2.723386e+00 1.165542e-02 2.711729e+00 
7 16 -1.986289e+01 9.906341e-02 1.976383e+01 
7 17 -1.460155e+02 9.008583e-01 1.451147e+02 
7 18 -1.017286e+02 8.493240e-01 1.008800e+02 
7 19 3.991010e+01 -6.547004e-01 -3.934766e+01 
7 20 3.710938e-02 -1.892090e-03 1.500000e+00 
8 1 -2.592325e-02 1.592890e-03 2.424622e-02 
8 2 -1.853041e-01 7.894816e-03 1.771851e-01 
8 3 -7.787313e-01 2.677944e-02 7.520752e-01 
8 4 -2.566891e+00 7.740539e-02 2.488831e+00 
8 5 -7.171870e+00 1.950205e-01 6.977600e+00 
8 6 -1.607882e+01 4.005972e-01 1.567798e+01 
8 7 -2.446273e+01 5.582003e-01 2.390460e+01 
8 8 1.740545e+03 4.203101e+01 8.663120e+08 
8 9 -1.626391e+02 3.001396e+00 1.596376e+02 
8 10 -1.176512e+02 1.898178e+00 1.157524e+02 
8 11 -7.955400e+01 1.074253e+00 7.848010e+01 
8 12 -4.133025e+01 4.385933e-01 4.089206e+01 
8 13 -9.765300e+00 6.885145e-02 9.696487e+00 
8 14 -2.315661e+00 1.068945e-02 2.304972e+00 
8 15 -4.356983e+00 1.864682e-02 4.338344e+00 
8 16 -3.176457e+01 1.584214e-01 3.160607e+01 
8 17 -2.327755e+02 1.436133e+00 2.313392e+02 
8 18 -1.468534e+02 1.226068e+00 1.456267e+02 
8 19 6.428869e+01 -1.054616e+00 -6.330859e+01 
8 20 5.883789e-02 -3.173828e-03 1.000000e+00 
9 1 -1.910723e-02 1.174070e-03 1.766968e-02 
9 2 -1.364831e-01 5.814814e-03 1.305542e-01 
9 3 -5.729928e-01 1.970439e-02 5.535583e-01 
9 4 -1.885325e+00 5.685257e-02 1.827881e+00 
9 5 -5.249150e+00 1.427371e-01 5.107605e+00 
9 6 -1.174796e+01 2.926954e-01 1.145551e+01 
9 7 -2.504194e+01 5.714170e-01 2.447076e+01 
9 8 -3.643513e+01 7.560511e-01 3.567834e+01 
9 9 2.227582e+03 5.739281e+01 9.508601e+08 
9 10 -1.527035e+02 2.463710e+00 1.502403e+02 
9 11 -9.693422e+01 1.308946e+00 9.562463e+01 
9 12 -5.016481e+01 5.323450e-01 4.963193e+01 
9 13 -1.183893e+01 8.347186e-02 1.175550e+01 
9 14 -2.807080e+00 1.295792e-02 2.794120e+00 
9 15 -5.280973e+00 2.260127e-02 5.258368e+00 
9 16 -3.847232e+01 1.918753e-01 3.828039e+01 
9 17 -2.801479e+02 1.728402e+00 2.784197e+02 
9 18 -1.426085e+02 1.190627e+00 1.414189e+02 
9 19 7.852312e+01 -1.288122e+00 -7.725781e+01 
9 20 7.275391e-02 -3.723145e-03 0.000000e+00 
10 1 -1.033050e-02 6.347721e-04 9.872437e-03 
10 2 -7.394560e-02 3.150426e-03 7.092285e-02 
10 3 -3.105295e-01 1.067866e-02 3.000488e-01 
10 4 -1.020399e+00 3.077044e-02 9.910889e-01 
10 5 -2.826560e+00 7.686101e-02 2.750488e+00 
10 6 -6.208878e+00 1.546916e-01 6.053711e+00 
10 7 -1.246039e+01 2.843261e-01 1.217627e+01 
10 8 -2.351863e+01 4.880258e-01 2.303064e+01 
10 9 -4.172780e+01 7.700586e-01 4.095868e+01 
10 10 2.480078e+03 6.603975e+01 9.478765e+08 
10 11 -1.003662e+02 1.355290e+00 9.901202e+01 
10 12 -4.963947e+01 5.267701e-01 4.911221e+01 
10 13 -1.167778e+01 8.233566e-02 1.159543e+01 
10 14 -2.767920e+00 1.277715e-02 2.755124e+00 
10 15 -5.205814e+00 2.227961e-02 5.183539e+00 
10 16 -3.786493e+01 1.888461e-01 3.767609e+01 
10 17 -2.728972e+02 1.683668e+00 2.712138e+02 
10 18 -9.920753e+01 8.282758e-01 9.838159e+01 
10 19 7.771112e+01 -1.274801e+00 -7.639844e+01 
10 20 7.177734e-02 -3.784180e-03 5.000000e-01 
11 1 -2.305956e-03 1.416926e-04 1.922607e-03 
11 2 -1.723034e-02 7.340924e-04 1.681519e-02 
11 3 -7.430286e-02 2.555167e-03 7.135010e-02 
11 4 -2.509462e-01 7.567360e-03 2.427368e-01 
11 5 -7.198035e-01 1.957320e-02 7.012939e-01 
11 6 -1.650429e+00 4.111974e-02 1.609009e+00 
11 7 -3.469392e+00 7.916597e-02 3.389282e+00 
11 8 -6.828391e+00 1.416933e-01 6.687622e+00 
11 9 -1.273600e+01 2.350343e-01 1.250146e+01 
11 10 -2.237510e+01 3.609986e-01 2.201477e+01 
11 11 2.290598e+03 6.145346e+01 8.296569e+08 
11 12 -3.702031e+01 3.928566e-01 3.662802e+01 
11 13 -8.515379e+00 6.003873e-02 8.455315e+00 
11 14 -2.017550e+00 9.313329e-03 2.008244e+00 
11 15 -3.793385e+00 1.623476e-02 3.777140e+00 
11 16 -2.754795e+01 1.373916e-01 2.741056e+01 
11 17 -1.967930e+02 1.214135e+00 1.955790e+02 
11 18 -4.872239e+01 4.067794e-01 4.831348e+01 
11 19 5.672233e+01 -9.304940e-01 -5.582812e+01 
11 20 5.175781e-02 -2.807617e-03 0.000000e+00 
12 1 1.083704e-03 -6.658973e-05 -1.022339e-03 
12 2 7.062215e-03 -3.008832e-04 -6.835938e-03 
12 3 2.774443e-02 -9.540907e-04 -2.615356e-02 
12 4 8.429743e-02 -2.542015e-03 -8.282471e-02 
12 5 2.076355e-01 -5.646112e-03 -2.019653e-01 
12 6 3.783360e-01 -9.426084e-03 -3.685303e-01 
12 7 5.502061e-01 -1.255482e-02 -5.372314e-01 
12 8 5.404391e-01 -1.121444e-02 -5.281372e-01 
12 9 6.330465e-03 -1.168238e-04 -7.141113e-03 
12 10 -1.635859e+00 2.639285e-02 1.610046e+00 
12 11 -3.858805e+00 5.210717e-02 3.808044e+00 
12 12 1.483989e+03 3.957444e+01 5.824590e+08 
12 13 -3.774021e+00 2.660920e-02 3.747414e+00 
12 14 -8.908907e-01 4.112490e-03 8.867636e-01 
12 15 -1.675074e+00 7.168905e-03 1.667902e+00 
12 16 -1.216755e+01 6.068395e-02 1.210687e+01 
12 17 -8.722779e+01 5.381610e-01 8.668961e+01 
12 18 -2.427044e+01 2.026320e-01 2.406909e+01 
12 19 2.509051e+01 -4.115939e-01 -2.470703e+01 
12 20 2.343750e-02 -1.098633e-03 1.000000e+00 
13 1 4.000087e-04 -2.457909e-05 -5.798340e-04 
13 2 2.706605e-03 -1.153140e-04 -2.349854e-03 
13 3 1.093321e-02 -3.759772e-04 -1.037598e-02 
13 4 3.436552e-02 -1.036303e-03 -3.302002e-02 
13 5 8.926516e-02 -2.427335e-03 -8.630371e-02 
13 6 1.779375e-01 -4.433239e-03 -1.732178e-01 
13 7 3.061303e-01 -6.985403e-03 -2.991333e-01 
13 8 4.483615e-01 -9.303775e-03 -4.392700e-01 
13 9 5.482371e-01 -1.011735e-02 -5.368652e-01 
13 10 5.382027e-01 -8.683330e-03 -5.300293e-01 
13 11 2.916971e-01 -3.938916e-03 -2.871704e-01 
13 12 1.012792e-01 -1.074765e-03 -1.005859e-01 
13 13 4.160314e+02 1.105634e+01 2.405908e+08 
13 14 -1.736305e-01 8.015066e-04 1.728210e-01 
13 15 -3.261592e-01 1.395882e-03 3.247662e-01 
13 16 -2.358691e+00 1.176364e-02 2.346952e+00 
13 17 -1.655039e+01 1.021094e-01 1.644832e+01 
13 18 -4.363991e-02 3.643460e-04 4.345703e-02 
13 19 4.884900e+00 -8.013406e-02 -4.890625e+00 
13 20 5.371094e-03 -6.103516e-05 1.000000e+00 
14 1 5.211714e-05 -3.202405e-06 9.155273e-05 
14 2 3.307159e-04 -1.409004e-05 3.356934e-04 
14 3 1.278723e-03 -4.397340e-05 -9.765625e-04 
14 4 3.822618e-03 -1.152725e-04 -4.150391e-03 
14 5 9.217735e-03 -2.506525e-04 -8.972168e-03 
14 6 1.628421e-02 -4.057149e-04 -1.641846e-02 
14 7 2.255093e-02 -5.145753e-04 -2.105713e-02 
14 8 2.018172e-02 -4.187825e-04 -2.062988e-02 
14 9 -3.050833e-03 5.630155e-05 3.051758e-03 
14 10 -6.639522e-02 1.071217e-03 6.561279e-02 
14 11 -1.729372e-01 2.335251e-03 1.721802e-01 
14 12 -2.097384e-01 2.225726e-03 2.076416e-01 
14 13 -4.745242e-02 3.345632e-04 4.698181e-02 
14 14 1.126592e+02 2.994349e+00 5.372398e+07 
14 15 -1.227173e-01 5.251994e-04 1.221867e-01 
14 16 -7.940604e-01 3.960267e-03 7.900887e-01 
14 17 -4.591238e+00 2.832613e-02 4.563095e+00 
14 18 1.071985e+01 -8.949919e-02 -1.063037e+01 
14 19 1.640165e+00 -2.690566e-02 -1.593750e+00 
14 20 1.708984e-03 -6.103516e-05 5.000000e-01 
15 1 -4.401614e-04 2.704632e-05 3.662109e-04 
15 2 -3.017092e-03 1.285421e-04 3.173828e-03 
15 3 -1.229984e-02 4.229737e-04 1.181030e-02 
15 4 -3.907903e-02 1.178440e-03 3.814697e-02 
15 5 -1.031631e-01 2.805255e-03 1.001587e-01 
15 6 -2.109234e-01 5.255070e-03 2.046509e-01 
15 7 -3.782407e-01 8.630846e-03 3.704224e-01 
15 8 -5.957180e-01 1.236151e-02 5.839233e-01 
15 9 -8.340189e-01 1.539126e-02 8.181152e-01 
15 10 -1.090700e+00 1.759729e-02 1.073181e+00 
15 11 -1.210345e+00 1.634383e-02 1.192993e+00 
15 12 -9.033355e-01 9.586121e-03 8.940125e-01 
15 13 -2.533483e-01 1.786264e-03 2.516251e-01 
15 14 -6.271692e-02 2.895102e-04 6.240845e-02 
15 15 2.181213e+02 5.802829e+00 3.755988e+07 
15 16 -2.174540e+00 1.084522e-02 2.163694e+00 
15 17 -1.700891e+01 1.049382e-01 1.690419e+01 
15 18 -2.539812e+01 2.120469e-01 2.518762e+01 
15 19 4.359022e+00 -7.150725e-02 -4.343750e+00 
15 20 4.638672e-03 -1.220703e-04 5.000000e-01 
16 1 -2.499170e-03 1.535650e-04 2.258301e-03 
16 2 -1.710703e-02 7.288390e-04 1.654053e-02 
16 3 -6.967808e-02 2.396128e-03 6.759644e-02 
16 4 -2.211838e-01 6.669868e-03 2.144775e-01 
16 5 -5.832227e-01 1.585924e-02 5.659180e-01 
16 6 -1.190704e+00 2.966590e-02 1.160889e+00 
16 7 -2.131508e+00 4.863759e-02 2.082458e+00 
16 8 -3.351123e+00 6.953785e-02 3.281067e+00 
16 9 -4.685959e+00 8.647623e-02 4.599121e+00 
16 10 -6.123557e+00 9.879712e-02 6.024231e+00 
16 11 -6.779487e+00 9.154643e-02 6.687378e+00 
16 12 -5.024831e+00 5.332310e-02 4.971344e+00 
16 13 -1.396987e+00 9.849631e-03 1.387085e+00 
16 14 -3.442828e-01 1.589264e-03 3.427000e-01 
16 15 -6.610210e-01 2.829009e-03 6.581850e-01 
16 16 1.565211e+03 4.196049e+01 1.140477e+08 
16 17 -1.258111e+02 7.762050e-01 1.250350e+02 
16 18 -1.773758e+02 1.480896e+00 1.758949e+02 
16 19 3.017937e+01 -4.950736e-01 -2.972656e+01 
16 20 2.709961e-02 -1.464844e-03 -5.000000e-01 
17 1 -1.189830e-02 7.311074e-04 1.165771e-02 
17 2 -7.962175e-02 3.392257e-03 7.650757e-02 
17 3 -3.197228e-01 1.099480e-02 3.084106e-01 
17 4 -1.000222e+00 3.016201e-02 9.699707e-01 
17 5 -2.587128e+00 7.035026e-02 2.516357e+00 
17 6 -5.144306e+00 1.281683e-01 5.015808e+00 
17 7 -8.885156e+00 2.027450e-01 8.683105e+00 
17 8 -1.333727e+01 2.767564e-01 1.306055e+01 
17 9 -1.766348e+01 3.259677e-01 1.733612e+01 
17 10 -2.170923e+01 3.502555e-01 2.135919e+01 
17 11 -2.247631e+01 3.035076e-01 2.217291e+01 
17 12 -1.561745e+01 1.657312e-01 1.545135e+01 
17 13 -4.172690e+00 2.942007e-02 4.143288e+00 
17 14 -1.016335e+00 4.691561e-03 1.011648e+00 
17 15 -1.941064e+00 8.307275e-03 1.932764e+00 
17 16 -1.511838e+01 7.540082e-02 1.504302e+01 
17 17 1.374514e+04 3.900746e+02 5.006580e+08 
17 18 -2.384489e+03 1.990791e+01 2.364583e+03 
17 19 1.890538e+02 -3.101307e+00 -1.859414e+02 
17 20 1.652832e-01 -9.033203e-03 -1.000000e+00 
18 1 -6.805032e-02 4.181446e-03 6.385803e-02 
18 2 -4.411723e-01 1.879599e-02 4.223633e-01 
18 3 -1.734664e+00 5.965259e-02 1.674530e+00 
18 4 -5.304711e+00 1.599652e-01 5.145142e+00 
18 5 -1.328925e+01 3.613667e-01 1.292810e+01 
18 6 -2.519749e+01 6.277849e-01 2.456964e+01 
18 7 -4.049776e+01 9.240941e-01 3.957306e+01 
18 8 -5.461237e+01 1.133240e+00 5.347913e+01 
18 9 -6.243680e+01 1.152229e+00 6.128430e+01 
18 10 -6.356616e+01 1.025573e+00 6.254053e+01 
18 11 -5.322553e+01 7.187281e-01 5.250769e+01 
18 12 -3.085225e+01 3.274016e-01 3.052448e+01 
18 13 -7.548480e+00 5.322150e-02 7.495224e+00 
18 14 -1.800146e+00 8.309756e-03 1.791830e+00 
18 15 -3.400272e+00 1.455233e-02 3.385710e+00 
18 16 -2.531215e+01 1.262408e-01 2.518587e+01 
18 17 -2.216909e+02 1.367746e+00 2.203230e+02 
18 18 1.482055e+05 5.897266e+03 3.549911e+09 
18 19 1.879940e+02 -3.083922e+00 -1.849180e+02 
18 20 2.231445e-01 -1.239014e-02 -3.500000e+00 
19 1 4.233018e-03 -2.601037e-04 -3.936768e-03 
19 2 2.278370e-02 -9.706914e-04 -2.175903e-02 
19 3 7.104133e-02 -2.443008e-03 -6.857300e-02 
19 4 1.592503e-01 -4.802242e-03 -1.544189e-01 
19 5 2.225831e-01 -6.052575e-03 -2.157593e-01 
19 6 -2.622141e-03 6.532873e-05 1.403809e-03 
19 7 -8.887150e-01 2.027905e-02 8.674927e-01 
19 8 -2.723450e+00 5.651325e-02 2.666321e+00 
19 9 -5.189840e+00 9.577501e-02 5.093628e+00 
19 10 -7.628709e+00 1.230812e-01 7.505371e+00 
19 11 -8.359623e+00 1.128837e-01 8.246460e+00 
19 12 -5.750418e+00 6.102297e-02 5.689209e+00 
19 13 -1.511445e+00 1.065663e-02 1.500961e+00 
19 14 -3.668366e-01 1.693376e-03 3.651562e-01 
19 15 -6.981474e-01 2.987899e-03 6.951571e-01 
19 16 -5.339517e+00 2.663010e-02 5.312901e+00 
19 17 -5.392069e+01 3.326694e-01 5.358804e+01 
19 18 -1.296155e+02 1.082150e+00 1.285333e+02 
19 19 7.812088e+06 6.184358e+05 7.712561e+10 
19 20 -1.077718e+03 5.791656e+01 9.795000e+02 
20 1 1.567908e-02 -9.634231e-04 -1.467896e-02 
20 2 1.090114e-01 -4.644395e-03 -1.047058e-01 
20 3 4.458384e-01 -1.533174e-02 -4.310913e-01 
20 4 1.402796e+00 -4.230174e-02 -1.360779e+00 
20 5 3.605012e+00 -9.802901e-02 -3.506958e+00 
20 6 7.010127e+00 -1.746544e-01 -6.836121e+00 
20 7 1.159619e+01 -2.646065e-01 -1.133063e+01 
20 8 1.624359e+01 -3.370644e-01 -1.590771e+01 
20 9 1.948952e+01 -3.596660e-01 -1.912994e+01 
20 10 2.106184e+01 -3.398106e-01 -2.072229e+01 
20 11 1.879099e+01 -2.537431e-01 -1.853748e+01 
20 12 1.147950e+01 -1.218195e-01 -1.135767e+01 
20 13 2.883717e+00 -2.033201e-02 -2.863449e+00 
20 14 6.930319e-01 -3.199144e-03 -6.898232e-01 
20 15 1.312761e+00 -5.618291e-03 -1.307145e+00 
20 16 9.845212e+00 -4.910162e-02 -9.796093e+00 
20 17 8.780859e+01 -5.417444e-01 -8.726671e+01 
20 18 5.376486e+02 -4.488786e+00 -5.331570e+02 
20 19 1.927794e+03 -3.162424e+01 -1.896223e+03 
20 20 2.320971e+09 6.050760e+08 3.656811e+12 
