211928000.0000000000 1500.0000000000 0.0000022044 0.0000000000 9478014.7382204663 0.0000000000 
211840000.0000000000 1500.0000000000 0.0000022530 0.0000000000 9452752.6947835535 0.1963075670 
211728992.0000000000 1500.0000000000 0.0000022802 0.0000000000 9437163.1405612417 0.4480112352 
211543008.0000000000 1500.0000000000 0.0000023035 0.0000000000 9423085.9990664795 0.8742912545 
210810000.0000000000 1500.0000000000 0.0000023584 0.0000000000 9404623.3875660468 2.5829288981 
209410000.0000000000 1500.0000000000 0.0000024607 0.0000000000 9373649.7370287962 5.9566508364 
206212992.0000000000 1500.0000000000 0.0000026837 0.0000000000 9306382.3384379186 14.1724526686 
201428000.0000000000 1500.0000000000 0.0000030681 0.0000000000 9186480.4170946758 27.9060412548 
196052992.0000000000 1500.0000000000 0.0000035766 0.0000000000 9024637.8940434940 45.7268726032 
190484000.0000000000 1500.0000000000 0.0000041840 0.0000000000 8834427.7411791272 67.3113331651 
185620992.0000000000 1500.0000000000 0.0000047568 0.0000000000 8663477.2670771033 89.0285019944 
179456992.0000000000 1500.0000000000 0.0000055582 0.0000000000 8436613.5382589363 120.7844911704 
171531008.0000000000 1500.0000000000 0.0000066808 0.0000000000 8129767.3808359373 169.3157638223 
162332992.0000000000 1500.0000000000 0.0000079474 0.0000000000 7787516.8857625676 236.6894349258 
153896992.0000000000 1500.0000000000 0.0000090237 0.0000000000 7503347.8393604634 308.4760462472 
143752992.0000000000 1500.0000000000 0.0000099979 0.0000000000 7219313.8869074108 405.2955118042 
133441000.0000000000 1500.0000000000 0.0000106281 0.0000000000 6987128.3098948272 512.8703742901 
124279000.0000000000 1500.0000000000 0.0000105420 0.0000000000 6869387.6066108374 609.9212994508 
114743000.0000000000 1500.0000000000 0.0000098244 0.0000000000 6809520.8043460688 707.0892438582 
105709000.0000000000 1500.0000000000 0.0000090832 0.0000000000 6676982.0678058742 793.1423956472 
96729800.0000000000 1500.0000000000 0.0000075429 0.0000000000 6489001.4352107765 868.1540871333 
89957696.0000000000 1500.0000000000 0.0000061358 0.0000000000 6141635.0390716176 914.7262658062 
84115000.0000000000 1500.0000000000 0.0000047121 0.0000000000 5557391.6150112851 946.5842488900 
79218000.0000000000 1500.0000000000 0.0000034128 0.0000000000 4737130.2919398574 966.4980015733 
74333696.0000000000 1500.0000000000 0.0000021888 0.0000000000 3609224.4516208041 980.1108850535 
69466304.0000000000 1500.0000000000 0.0000011783 0.0000000000 2300744.2022036440 987.8591271663 
64152700.0000000000 1500.0000000000 0.0000006944 0.0000000000 1249111.0109888415 992.6952254507 
59293900.0000000000 1500.0000000000 0.0000005546 0.0000000000 729903.3639426597 995.6693383577 
55364600.0000000000 1500.0000000000 0.0000005695 0.0000000000 508102.7634725452 997.8659104537 
51911900.0000000000 1500.0000000000 0.0000006211 0.0000000000 372822.7410994345 999.8994038052 
48457400.0000000000 1500.0000000000 0.0000007609 0.0000000000 286387.2926489869 1002.2571319666 
44523200.0000000000 1500.0000000000 0.0000010291 0.0000000000 216465.3521231368 1005.6458851819 
39644700.0000000000 1500.0000000000 0.0000016936 0.0000000000 156328.9875980550 1011.9146933996 
34761100.0000000000 1500.0000000000 0.0000028562 0.0000000000 112372.2202831286 1022.3283892142 
29872000.0000000000 1500.0000000000 0.0000049215 0.0000000001 80693.2083014215 1040.0301655729 
24976700.0000000000 1500.0000000000 0.0000086355 0.0000000001 58101.4666548223 1070.7835188477 
20074700.0000000000 1500.0000000000 0.0000153338 0.0000000004 42310.5204479940 1125.4550219031 
17584500.0000000000 1500.0000000000 0.0000212859 0.0000000006 36474.0541711478 1168.9948797424 
15091800.0000000000 1500.0000000000 0.0000310684 0.0000000010 32167.1217208935 1230.3486430160 
12598200.0000000000 1500.0000000000 0.0000489405 0.0000000017 29027.0003281621 1323.2623790000 
10103800.0000000000 1500.0000000000 0.0000800232 0.0000000030 26562.4157036618 1470.6878522603 
7608460.0000000000 1500.0000000000 0.0001381183 0.0000000056 24857.4232590603 1714.4787850576 
5112210.0000000000 1500.0000000000 0.0002546031 0.0000000107 23835.8898997278 2130.6450477558 
3611940.0000000000 1500.0000000000 0.0004169164 0.0000000174 23989.1121168966 2573.6116711125 
2111710.0000000000 1500.0000000000 0.0006782801 0.0000000283 23968.0518414873 3272.0695350569 
1111250.0000000000 1500.0000000000 0.0009728752 0.0000000404 24081.2283681278 3962.5256350914 
110832.0000000000 1500.0000000000 0.0014235585 0.0000000590 24130.3656864216 4921.0227270996 
-889568.1250000000 1500.0000000000 0.0021235599 0.0000000894 23751.4405100906 6240.7483227651 
-1889980.0000000000 1500.0000000000 0.0034083141 0.0000001476 23086.3307029651 8087.0742044699 
-2890380.0000000000 1500.0000000000 0.0056444216 0.0000002655 21261.6096226337 10603.9767318951 
-3890770.0000000000 1500.0000000000 0.0091143804 0.0000004913 18551.1192939438 13385.6828631694 
-4891100.0000000000 1500.0000000000 0.0141812750 0.0000009147 15503.6858318192 15041.6273486114 
-5891420.0000000000 1500.0000000000 0.0216003640 0.0000017266 12510.2506097803 14012.4962569160 
-6891730.0000000000 1500.0000000000 0.0318758978 0.0000032102 9929.6725280303 10984.4302043090 
-7892030.0000000000 1500.0000000000 0.0457129370 0.0000058293 7841.9857212600 8264.2018083836 
-8892340.0000000000 1500.0000000000 0.0616687176 0.0000097043 6354.8073010449 6520.1989967148 
-9892670.0000000000 1500.0000000000 0.0801994427 0.0000152824 5247.8139913683 5336.3916155839 
